                      DAILY AMERICAN SUNSPOT NUMBERS 1966
===============================================================================
 Jan   Feb   Mar   Apr   May   Jun   Jul   Aug   Sep   Oct   Nov   Dec   Yr Day
-------------------------------------------------------------------------------
  25     0    11    32    24    56    33    77    30    53    36    32  1966 01
  21    12    12    37    37    48    37    70    28    44    36    28  1966 02
  19    14    14    34    35    41    54    69    18    42    23    21  1966 03
  13    16    16    49    19    50    51    64    16    39    12    46  1966 04
   7    17    15    40    15    39    36    46    15    34    30    65  1966 05
   1    15    14    47    17    26    30    40    20    44    37    57  1966 06
   0    14    10    49    12    22    52    23    27    41    53    70  1966 07
   1    13    10    55    11    26    45     8    36    39    47    87  1966 08
   0    12    16    36     8    27    49     0    36    45    49    99  1966 09
   0    14    15    26     0    24    44     1    48    44    59   110  1966 10
   0    15     7    19     0    26    56    17    41    73    78   116  1966 11
   0    11     0    22     5    32    47    24    32    55    66   128  1966 12
  19    12     3    16     9    18    27    31    28    72    66   115  1966 13
  30    14     1    22    22    21    19    28    31    65    45   110  1966 14
  37    13    15    31    28    24    14    33    37    57    60    95  1966 15
  31    16    21    28    24    33    33    42    47    59    47    80  1966 16
  43    13    43    28    18    36    40    38    61    66    51    59  1966 17
  43    25    46    29    14    31    40    33    58    65    53    60  1966 18
  55    24    46    16    33    27    35    29    67    73    54    46  1966 19
  55    33    41    42    56    28    46    15    63    82    68    19  1966 20
  41    36    32    38    59    32    38    17    77    78    64    34  1966 21
  34    43    29    42    51    42    43    43    63    77    69    35  1966 22
  36    55    19    58    59    58    56    66    64    64    57    39  1966 23
  31    47    17    51    59    61    59    83    57    60    54    52  1966 24
  18    47    16    47    49    66    57    89    65    47    53    56  1966 25
  14    47    10    34    61    62    65    96    39    41    51    58  1966 26
  15    32     0    22    48    44    62    95    26    16    50    62  1966 27
  14    28    12    22    41    35    75    86    26     3    40    59  1966 28
  20          36    33    40    29    71    81    35    28    47    48  1966 29
  21          41    33    37    33    75    51    36    29    45    53  1966 30
   3          32          56          75    33          35          55  1966 31
-------------------------------------------------------------------------------
 20.9  22.8  19.4  34.6  30.5  36.6  47.2  46.1  40.9  50.6  50.0  64.3   Mean
-------------------------------------------------------------------------------
Yearly Mean = 38.7

