                    DAILY AMERICAN SUNSPOT NUMBERS 2017
======================================================================
 Jan  Feb  Mar  Apr  May  Jun  Jul  Aug  Sep  Oct  Nov  Dec     Yr Day
----------------------------------------------------------------------
    2   28   38   46    8   12                                 2017 01
    3   29   36   60   19   17                                 2017 02
    2   20   22   66   15   20                                 2017 03
    0    5    3   46   14   20                                 2017 04
    0    5    3   34   23   21                                 2017 05
    0    6    0   26   20   17                                 2017 06
    0    3    0   10   15   12                                 2017 07
    0    3    1    0    6    6                                 2017 08
    0   13    0    3    0    1                                 2017 09
    0   15    0   10    0    0                                 2017 10
    0   14    0   11    1    0                                 2017 11
    6   14    0   11    2    1                                 2017 12
   19   12    0   13    0    8                                 2017 13
   22   11    0    9    0   11                                 2017 14
   21   13    0    1    1   26                                 2017 15
   21    7    0    0   10   25                                 2017 16
   23    8    0    1   10   25                                 2017 17
   27    5    0   11   15   24                                 2017 18
   27    9    0   12   19   22                                 2017 19
   41   17    0   19   19   24                                 2017 20
   52   16    7   26   26   25                                 2017 21
   47   16    9   25   37   20                                 2017 22
   40   13   10   30   33   16                                 2017 23
   33   16   10   34   14   16                                 2017 24
   35   20   13   32   21   16                                 2017 25
   30   19   20   27   18   17                                 2017 26
   22   30   32   20   19   17                                 2017 27
   22   36   37   24   16   13                                 2017 28
   25        34   22    8   10                                 2017 29
   22        33   16    0    9                                 2017 30
   29        42         0                                      2017 31
----------------------------------------------------------------------
 18.4 14.4 11.3 21.5 12.5 15.0  0.0  0.0  0.0  0.0  0.0  0.0
----------------------------------------------------------------------
Yearly =
