                      DAILY AMERICAN SUNSPOT NUMBERS 1963
===============================================================================
 Jan   Feb   Mar   Apr   May   Jun   Jul   Aug   Sep   Oct   Nov   Dec   Yr Day
-------------------------------------------------------------------------------
  21    24     0    16    18    30    19    50    20     0    26    21  1963 01
  22    25     0    19    21    21    18    55    15     2    32    26  1963 02
  29    30     4    13    20     8    22    43    41     2    30    18  1963 03
  14    46    12    12    19     5    17    44    52     1    33    15  1963 04
   2    42    15    15    24    10    11    38    37     2    23    17  1963 05
   1    43    21    42    47    11    11    36    22    13    14    15  1963 06
   6    35    20    39    35    25    11    26    12    18    11    17  1963 07
   0    32    19    54    38    60    11    24    13    31    11    12  1963 08
   0    27    19    66    46    70    12    22    15    32     7    11  1963 09
  10    21    19    49    55    77    11    12    19    27     0    16  1963 10
  12    15    25    46    60    56    12     2    22    29     0     9  1963 11
  14    11    24    51    41    61    11     1    31    40     2     4  1963 12
  23    10    21    47    43    55    22     5    42    38     0     0  1963 13
  32    11     3    38    49    40    24     9    68    51     0     0  1963 14
  31    11     8    41    66    37    17    10    60    44     8     0  1963 15
  28    18    11    37    67    29    15    17    65    46    14     0  1963 16
  34    20    12    29    63    24    12    21    64    37    21     1  1963 17
  27    13    13    29    59    17    12    27    56    21    24     8  1963 18
  22    14    12    22    60    14    10    34    45    17    14     0  1963 19
  18    16    13    15    47    16     8    43    50    20    23    13  1963 20
  11    14    13     1    26     6    11    55    49    28    31    13  1963 21
   5    16    11     0    21     1    10    53    39    30    39    11  1963 22
   7    15    10     0    31    15    14    50    35    38    31     8  1963 23
   4    13    12     0    24    19    19    35    26    40    30    11  1963 24
   0     5    11     0    16    24    13    29    20    34    35     7  1963 25
   1     5    11     0     7    27     1    15    12    36    22     1  1963 26
   5     3    11     0    10    30     1    14     0    31    28     0  1963 27
  21     1     0     5    24    34     4    12     5    28    22     0  1963 28
  19          15    13    33    29    23    13     0    46    21     0  1963 29
  23          15    18    37    32    48    15     0    52    24     0  1963 30
  15          18          33          56    19          47           1  1963 31
-------------------------------------------------------------------------------
 14.7  19.1  12.8  23.9  36.8  29.4  15.7  26.7  31.2  28.4  19.2   8.2   Mean
-------------------------------------------------------------------------------
Yearly Mean = 22.2

