                      DAILY AMERICAN SUNSPOT NUMBERS 2006
===============================================================================
 Jan   Feb   Mar   Apr   May   Jun   Jul   Aug   Sep   Oct   Nov   Dec   Yr Day
-------------------------------------------------------------------------------
  27     1     1    38    40     4    25     7    19    25    34    31  2006 01
  24     0     1    43    36     0    19     8    10    19    41    32  2006 02
  24     0     1    49    35     2    18     3     0    17    43    31  2006 03
  18     0     3    56    38    12    18     0     1    16    37    25  2006 04
  10     1     9    56    28    16    22     0    15    18    34    31  2006 05
  11     0     4    58    27    23    23     1    28    18    25    33  2006 06
   8     3     1    50    36    38    25     0    32    17    24    27  2006 07
   8     7     2    41    32    34    23     6    31    13    23    16  2006 08
   8     9     0    35    27    31    20    10    31    10    17    14  2006 09
   8     2     0    42    21    30    11    17    32     5     9    16  2006 10
   8     1     0    43    13    23     9    17    25     0    15    19  2006 11
   5     1    11    44     9    18     5    17    19     0    17    19  2006 12
   1     5    11    43     5    17     2    18    19     0    23    20  2006 13
   2     7     9    32     1    11     8    20    10     0    27    16  2006 14
  21    12    13    21     1    11    10    18    10     1    28    14  2006 15
  27    14    12    13     0     5    13    21    11     0    31    12  2006 16
  24     6    14    10     0     8    15    18    12     0    28     9  2006 17
  28     3    15     8     3    11    15    20     8     0    28     1  2006 18
  23     3    17     2     9    13    14    16     8     6    25     0  2006 19
  17     0    20    12    20    13     5    10     9    11    15     0  2006 20
  24     0    22     9    22     5     1    14     9    14     2     0  2006 21
  32     0    20     2    28     0     8    11    12    18     0     0  2006 22
  34     0    14     8    28     0    13    14     8    24     1     0  2006 23
  28     0    13    15    27     0    13    14     8    15     1     2  2006 24
  21     0     3    30    26     9    13    16     3     4     8     4  2006 25
  14     1     0    40    32    11    12    15     2     0    11    11  2006 26
  12     4     1    46    31    18    12    22     3     5    18     6  2006 27
   2     5    14    42    38    26    11    23    13     7    24     1  2006 28
   1          23    37    36    28    12    18    25     1    25     1  2006 29
   0          24    42    31    25    19    15    27    11    33    10  2006 30
   0          28          20          15    22          23          16  2006 31
-------------------------------------------------------------------------------
  15.1   3.0   9.9  32.2  22.6  14.7  13.9  13.3  14.7   9.6  21.5  13.5
-------------------------------------------------------------------------------
Yearly Mean =  15.4

