                      DAILY AMERICAN SUNSPOT NUMBERS 1996
===============================================================================
 Jan   Feb   Mar   Apr   May   Jun   Jul   Aug   Sep   Oct   Nov   Dec   Yr Day
-------------------------------------------------------------------------------
  13    12    4      6     0     7     8    19     7     0     0    23  1996 01            
  16    11    0     11     0     8     9    21     8     0     0    11  1996 02          
  20     0    0     11     0     8     8    20     7     0     0     0  1996 03          
  29     0    0      8     0    10     0    19     7     0     0     0  1996 04          
  40     0    0      1     0    14     7    13     0     0     0     0  1996 05          
  38     0   12      0    15    17     0    10     0     0     0     0  1996 06          
  31     0    3      0    13    19    17    19     9     0     0     3  1996 07          
  34     0    0      0    13    18    23    10     8     0     0    15  1996 08          
  16     0    0      0    13    20    28    14     0     0     6    20  1996 09          
  10     0    0      0    19    13    25    17     0     0    13    15  1996 10          
   0     0   14      0    29     8    20    20     0     0    14    23  1996 11          
   0     0   16      9    18     7    13    14     7     0     9    24  1996 12          
   0     0   15      6    18     0     9    11     0     0     9    26  1996 13          
   0     0   14      0    16     0     0    20     0     0    12    26  1996 14          
   0     9   11      0    14     0     0    14     0     0    18    25  1996 15          
   0     2   10      2    11     0     0     9     0     0    31    17  1996 16          
   0     0    9     11     9     0     0    10     0     0    22    24  1996 17          
   0     0    8     17     6    10     0     8     0     0    13    24  1996 18          
   0     8    6     15     0    16     0     9     0     0     9    17  1996 19          
   0    11    0     17     0    10     0     9     0     7     9    12  1996 20          
   8    15   11     15     0    10     0     8     0     0    15    25  1996 21          
   2    14   15     14     1    11     0     9     0     0    22    20  1996 22          
   0     9   14      9     1    13     0    12     0     0    36    15  1996 23          
   7    21   13      5     0    17     0    15     0     0    40     8  1996 24          
   9    15   13      0     0    19     0     9     0     8    50     0  1996 25          
   9    12   22      0     0    20     8    11     0    14    50     0  1996 26          
   9     9   21      0     0    20     9    10     0     7    36     0  1996 27          
  10     8   15      5     0    20    12    10     0     2    26     0  1996 28          
   9    14   11      0     0    18    16    10     0     0    23     0  1996 29          
  17          0      0     0    16    18    12     0     0    20     0  1996 30          
  12          0            0          20    17           0           0  1996 31            
-------------------------------------------------------------------------------
 10.9   5.9   8.3   5.4   6.3  11.6   8.1  13.2   1.8   1.2  16.1  12.0  Mean
-------------------------------------------------------------------------------
Yearly Mean = 8.4


