                      DAILY AMERICAN SUNSPOT NUMBERS 1985
===============================================================================
 Jan   Feb   Mar   Apr   May   Jun   Jul   Aug   Sep   Oct   Nov   Dec   Yr Day
-------------------------------------------------------------------------------
   0    28    10    21    19     0    22    32     0     0     0     0  1985 01
   0    26    10    25    14     0    27    27     0     0     0     0  1985 02
   0    26     9    25    16    12    29    23     0     0     0     0  1985 03
   0    25     0    19    15    23    36    21     0     0     0     0  1985 04
   0    19     0    21    15    33    45    14     1     0    16    13  1985 05
   2    13     0    15    12    34    48    13     0     0    20    11  1985 06
   0     8     0    12    24    37    67    14     0     0    20     8  1985 07
  10     9    13    10    41    37    78    19     0     0    17     8  1985 08
   3    22    10    10    49    42    85    13     0     0    24    10  1985 09
   0    23    12     0    43    53    75    10     0     0    17    11  1985 10
   0    16    13     0    37    56    61     9     0     0    17    12  1985 11
   3    11    12     0    28    43    41     8     0     0    17    14  1985 12
  18    13    10     0    29    36    19     0    11     9    31    11  1985 13
  25    12     9     8    27    31    10     0    10    10    45    22  1985 14
  20    12     0     0    28    31     8     0    11    14    47    44  1985 15
  26    11     6     0    29    27    10     0    11    19    40    42  1985 16
  26     9    16     8    32    21    11     0    10    16    42    38  1985 17
  24     0    23     9    35    18    11    10    14    20    39    29  1985 18
  28    21    17     9    35    11    12    10    13    28    30    14  1985 19
  56    29    12    10    32    10    10    14    10    37    28    11  1985 20
  47    26     0    18    32    11    10     8    11    42    21    15  1985 21
  48    24    11    30    30    10    13     0     0    62    12     0  1985 22
  35    17    15    33    28    12    17     2     0    61    10     0  1985 23
  30    11    27    32    22    14    10    13     0    59     0     0  1985 24
  19    11    21    35    18    11    12    11     0    50     0     0  1985 25
   8    11    19    37    10    10    10     8     0    34     0     0  1985 26
   8    11    19    36    10     8    15     8     0    25     0     0  1985 27
   0    11    21    32     8    13    35    10     0    13     0     0  1985 28
   0          18    30    10    10    45    16     1    10     0     0  1985 29
   0          16    27     9    13    42     8     0     0     0     0  1985 30
  12          17           7          41    11           0           0  1985 31
-------------------------------------------------------------------------------
 14.5  16.3  11.8  17.1  24.0  22.2  30.8  10.7   3.4  16.5  16.4  10.1   Mean
-------------------------------------------------------------------------------
Yearly Mean = 16.2

