                      DAILY AMERICAN SUNSPOT NUMBERS 1989
===============================================================================
 Jan   Feb   Mar   Apr   May   Jun   Jul   Aug   Sep   Oct   Nov   Dec   Yr Day
-------------------------------------------------------------------------------
 150   132   135   117   109   163   139   161   149   144   155   180  1989 01
 149   148   125   131   121   171   153   184   168   146   173   199  1989 02
 135   169   113   148    98   168   134   205   198   161   201   195  1989 03
 116   152    99   132   109   168   122   219   220   186   230   192  1989 04
 142   127    92   100   108   173   110   243   223   190   230   204  1989 05
 146   127   112   145   129   150   131   244   243   193   228   171  1989 06
 176   127    99   163   160   143   153   226   275   201   208   205  1989 07
 189   150   118   175   178   169   144   222   260   177   204   193  1989 08
 170   158   143   146   153   199   112   241   284   190   201   163  1989 09
 195   200   160   118   149   214   115   205   284   196   188   142  1989 10
 200   201   161   107   138   238   145   218   254   191   169    99  1989 11
 197   216   158    92   124   232   123   204   272   161   154   105  1989 12
 206   207   179    85   110   280   114   204   252   157   145   110  1989 13
 189   221   185   101   142   274   111   175   213   177   139   103  1989 14
 187   187   201   120   164   295    96   187   205   188   130    90  1989 15
 170   191   191   138   174   288   105   172   192   209   125   103  1989 16
 154   192   193   151   175   257   111   189   155   195   140   126  1989 17
 151   156   183   134   195   244   126   197   144   180   142   110  1989 18
 132   152   162   159   217   252   146   210   147   160   152   121  1989 19
 113   174   164   168   222   244   160   216   120   142   149   113  1989 20
 114   152   150   159   189   220   181   189   102   167   181   104  1989 21
 151   132   152   163   174   219   217   156   106   149   160   159  1989 22
 154   126   171   134   198   227   215   138   110   141   134   185  1989 23
 130   163   146   130   217   242   169   147    85   133   172   189  1989 24
 157   191   136   133   187   248   135   102    83   104   180   206  1989 25
 156   169   127   134   172   265   108    82    86    98   184   225  1989 26
 166   147   107   133   178   231    98    78   104   102   199   232  1989 27
 172   121    94   118   151   201    88    68   113   123   176   218  1989 28
 168          96   109   140   195   112    74   131   138   179   196  1989 29
 149          79   105   142   155   130    97   149   152   160   181  1989 30
 148         102         124         144   125         141         192  1989 31
-------------------------------------------------------------------------------
159.1 163.9 139.8 131.6 156.4 217.5 133.8 173.5 177.6 161.0 172.9 161.6   Mean
-------------------------------------------------------------------------------
Yearly Mean = 162.2

