                      DAILY AMERICAN SUNSPOT NUMBERS 1961
===============================================================================
 Jan   Feb   Mar   Apr   May   Jun   Jul   Aug   Sep   Oct   Nov   Dec   Yr Day
-------------------------------------------------------------------------------
 116    61    12    77    86    30    50    20    36    37     0    63  1961 01
 109    48    22    58    67    25    57    16    41    54     0    69  1961 02
 108    57    33    71    70    38    65    17    41    48     0    53  1961 03
  82    60    24    75    51    37    50     8    40    45    11    58  1961 04
  69    59    28    82    34    46    37     1    35    40    17    38  1961 05
  57    40    31    81    23    43    56     0    32    32    26    23  1961 06
  55    42    33    61    29    41    54     5    31    25    49    26  1961 07
  45    50    41    51    26    40    45    21    26    23    58    29  1961 08
  39    58    33    44    36    49    60    42    41    36    68    17  1961 09
  32    48    20    34    31    57    70    62    40    47    49     9  1961 10
  33    30    17    40    38    56    78    88    43    50    50     0  1961 11
  19    28    13    41    45    58    78    80    44    53    47     0  1961 12
  14    20    18    36    33    60    74    82    67    50    52     0  1961 13
  17    20    44    49    30    72    95    89   105    48    40     3  1961 14
  24    10    40    39    28    84    99    99   105    41    32     0  1961 15
  30    13    25    58    23   102    88    86    95    40    15     0  1961 16
  44    15    52    68    24   108    83    78    62    24    13     3  1961 17
  44    24    39    70    39   101    74    48    48    28    13     2  1961 18
  44    24    31    70    47   115    78    46    50    41    12     6  1961 19
  38    19    33    60    63   126    66    35    43    48     9    10  1961 20
  38    35    50    43    48   114    63    30    39    15    16    26  1961 21
  34    43    53    38    67   108    50    23    34     5    20    39  1961 22
  19    44    60    27    60    79    65    21    39     3     8    61  1961 23
  15    51    71    43    52    68    55    32    57    11    23    77  1961 24
  22    45    67    43    52    61    58    35    60     8    21    80  1961 25
  26    38    70    54    36    42    52    37    64     1    18    74  1961 26
  36    23    70    70    28    48    33    32    65     7    30    80  1961 27
  63    18    85    85    23    46    33    28    65    12    29    64  1961 28
  58          90    77    28    52    30    47    50    13    43    57  1961 29
  52         102    86    28    53    26    46    44     7    48    46  1961 30
  53          98          23          33    47           2          40  1961 31
-------------------------------------------------------------------------------
 46.3  36.5  46.3  57.7  40.9  65.3  59.8  42.0  51.4  28.8  27.2  34.0   Mean
-------------------------------------------------------------------------------
Yearly Mean = 44.7

