                      DAILY AMERICAN SUNSPOT NUMBERS 2005
===============================================================================
 Jan   Feb   Mar   Apr   May   Jun   Jul   Aug   Sep   Oct   Nov   Dec   Yr Day
-------------------------------------------------------------------------------
  28    21     1    13    38    51    84    68    18     7    21    49  2005 01
  26    18     8    24    37    35   109    67    15     8    19    54  2005 02
  21    11     5    30    44    33   114    51    11     8     9    61  2005 03
  17    15     9    35    42    49   118    51    10    18     5    56  2005 04
  13    21    10    39    40    63   101    47    10    21    15    50  2005 05
  16    33    11    31    42    69    91    40     8    19    19    38  2005 06
   4    35    20    27    35    73    77    43    13    16    24    23  2005 07
  12    34    31    26    43    71    75    42    23    14    10    26  2005 08
  17    42    37    30    57    69    65    36    32     9     3    28  2005 09
  18    46    46    24    75    67    49    21    39    11     0    35  2005 10
  31    52    41    15    77    57    47    22    44    10     0    38  2005 11
  41    56    43    24    73    50    41    25    49    12     6    37  2005 12
  42    52    44    32    60    31    42    20    51     5    14    38  2005 13
  56    42    43    36    51    33    28    27    47    10    23    38  2005 14
  60    50    36    34    41    41    22    28    42    11    23    38  2005 15
  65    43    28    30    39    44    12    25    39     9    29    31  2005 16
  59    44    27    27    31    43     2    20    41    11    28    25  2005 17
  59    37    26    28    20    32     0    25    38    10    26    27  2005 18
  51    32    25    24    18    30     1    46    26    12    33    37  2005 19
  49    26    25    24    11    36     1    45    18     8    35    39  2005 20
  46    22    29    16    13    34     0    47    17     8    31    37  2005 21
  32    20    29    15    21    25     3    41    18     4    28    36  2005 22
  22    14    34    11    22    10    13    44    19     1    27    38  2005 23
  26    10    43     4    24     5    14    42    18     0    25    48  2005 24
  30    10    36    10    30     3    14    45    19     0    20    40  2005 25
  23     4    24    12    38     1    16    41    21     1    13    52  2005 26
  22     2    17    20    40     4    13    51    19     1    13    54  2005 27
  20     1    12    32    36    10    22    47    17     1    15    47  2005 28
  20           7    37    42    31    37    45    16     5    15    45  2005 29
  21           3    36    42    63    48    34     7     8    33    46  2005 30
  24           9          49          70    28          17          37  2005 31
-------------------------------------------------------------------------------
  31.5  28.3  24.5  24.9  39.7  38.7  42.9  39.2  24.8   8.9  18.7  50.3
-------------------------------------------------------------------------------
Yearly Mean = 30.2

