                      DAILY AMERICAN SUNSPOT NUMBERS 1988
===============================================================================
 Jan   Feb   Mar   Apr   May   Jun   Jul   Aug   Sep   Oct   Nov   Dec   Yr Day
-------------------------------------------------------------------------------
  48    59    70   108    70   100   127   142   142   117   127   121  1988 01
  33    69    70   105    81    94   134   149   142   120   103   104  1988 02
  23    66    68    96    81   103   140   149   129   122   122   121  1988 03
  26    62    72    80    93   110   127   141   142   128   113   133  1988 04
  29    53    70    69    94   132   112   122   130   125   128   139  1988 05
  43    42    63    69    78   146   100   129   105   120   132   142  1988 06
  55    43    68    86    51   155   101   145   100   124   113   145  1988 07
  57    44    69    98    68   165    93   160    89   120    98   109  1988 08
  68    47    56   110    89   163    80   171    80   122   118   125  1988 09
  66    40    34   112    91   137    80   153    88   149   137   136  1988 10
  69    29    22   123    72   110    90   131    92   153   155   163  1988 11
  63    10    45   125    61    81    97   145    89   160   167   170  1988 12
  77    19    54   136    56    47   101   124    91   153   155   179  1988 13
  94    24    58   139    52    56   108   129   100   134   142   215  1988 14
  90    28    58   142    54    68   112   113   102   121   171   214  1988 15
  85    32    82   144    58    89   117    80   109   118   181   221  1988 16
  69    34    91   144    58    83   116    57    90   120   167   228  1988 17
  60    58    97   135    45    69   138    47   102   135   165   239  1988 18
  68    60    99   118    22    71   106    56   113   128   143   235  1988 19
  64    53    87    89    27    74   106    52   138   133   103   233  1988 20
  73    24    82    79    31   102   100    33   170   119   139   215  1988 21
  61    19    79    66    35    98   103    24   169   121   130   253  1988 22
  42    11    81    46    42    94   104    30   176   113   120   244  1988 23
  39    21    89    38    51   100    79    56   163   123   113   192  1988 24
  34    21    94    50    61   109    79    78   155   127    84   186  1988 25
  41    19    98    46    67   113    76    93   149   119    67   174  1988 26
  54    37   100    40    71   123   101   133   152   123    73   167  1988 27
  68    48   111    40    80   128   112   144   141   118    86   200  1988 28
  56    61   105    41    87   131   147   162   109   119    99   193  1988 29
  54         110    54    89   140   144   158   109   111   109   190  1988 30
  52         120          92         139   142         111         168  1988 31
-------------------------------------------------------------------------------
 56.8  39.1  77.5  90.9  64.7 106.4 108.7 111.2 122.2 126.0 125.3 179.2   Mean
-------------------------------------------------------------------------------
Yearly Mean = 100.9

