                      DAILY AMERICAN SUNSPOT NUMBERS 1960
===============================================================================
 Jan   Feb   Mar   Apr   May   Jun   Jul   Aug   Sep   Oct   Nov   Dec   Yr Day
-------------------------------------------------------------------------------
 113   186    66   109    96    91   144    60    92    11    70    71  1960 01
 112   184    63   132    96    80   152    34    90    24    69    85  1960 02
 134   187    57   160   102   101   153    21    78    20    72    74  1960 03
 157   164    81   161    93    72   158    19    69    43    52    85  1960 04
 197   171    87   177    90    95   141    17    66    75    69    87  1960 05
 191   150    83   112    90   106   117    19    92    73    86    73  1960 06
 196   128   103   117   105   113   119    39   120   112   105    67  1960 07
 182   118   119   109   117   110   117    41   126    94   121    71  1960 08
 148   161   107    96   144   126   115    50   132   138   120    80  1960 09
 158   157    92   103   123   129    90    88   148   143   116    84  1960 10
 132   142    94   132   126   129    72   167   123   103   137    85  1960 11
 127   113    65   126   111   112    73   198   120   119   100    74  1960 12
 124   103    67   134    95   112    87   195   161    98   101    75  1960 13
 121   104    66   115    79   120    91   237   142    93    97    97  1960 14
 118    63    82   130    89   171   108   228   117    96    81   100  1960 15
 121    66    88   111   106   119   117   234    96    91    98    97  1960 16
 120    47    92   110    89    98   118   243   108    88    83    80  1960 17
  94    49    94    98    89    94   125   231   137    68    93    71  1960 18
  87    40    93   109    92    78   127   208   149    68    81    63  1960 19
  94    39   103   101   100    51   126   126   173    70    86    56  1960 20
 105    64   100    98    84    48   127   148   176    63    66    60  1960 21
 135    59   133    94   116    42   123   141   157    47    57    48  1960 22
 111    57   121    94   129    62   106    96   160    47    34    39  1960 23
 153    61   119   102   127    74    97    95   141    52    39    43  1960 24
 171    52   128    86   107    82    90   126   131    53    47    40  1960 25
 164   115    53    89   122    92    82   133   110    53    53    55  1960 26
 195    87    88    71   118    95    77   107    87    57    53    65  1960 27
 184    64   118    83   102   119    75   113    71    48    58    73  1960 28
 199    64   115    89    98   128    82    97    53    70    51   108  1960 29
 194         121    78    96   128    64    99    18    64    68   106  1960 30
 193          97          95          63   111          72         107  1960 31
-------------------------------------------------------------------------------
146.1 103.3  93.1 110.9 104.1  99.2 107.6 120.0 114.8  72.7  78.8  74.8   Mean
-------------------------------------------------------------------------------
Yearly Mean = 102.1

