                      DAILY AMERICAN SUNSPOT NUMBERS 1973
===============================================================================
 Jan   Feb   Mar   Apr   May   Jun   Jul   Aug   Sep   Oct   Nov   Dec   Yr Day
-------------------------------------------------------------------------------
  35    10    47    74    30     9    28    27    96    77    29    35  1973 01
  60    16    41    91    43     6    30    25   134    62    33    24  1973 02
  58    17    27    93    53     7    33    20   144    52    21    16  1973 03
  67    16    29    92    63     3    32    32   129    45    16     0  1973 04
  70    32    21    84    73     3    44    34   111    35     0     0  1973 05
  85    31    33    71    66    17    55    36    88    29     0     0  1973 06
  64    33    36    76    75    29    56    51    83    26     0     7  1973 07
  66    44    40    79    48    28    44    45    74    20     0     9  1973 08
  65    50    54    85    30    27    37    40    82    21     0     9  1973 09
  55    59    66    65    24    33    23    30    54     8     0     9  1973 10
  47    47    85    56    22    56    20    15    35     0     0    13  1973 11
  27    80    96    38    19    59     6     0    16     0     3    10  1973 12
  23    85    85    36     7    54     8     1     0    12     9     9  1973 13
  17    89    79    27     2    57     9     1     6    11    12     9  1973 14
  12    74    66    31    26    52    11     0    14    17    14    16  1973 15
  15    50    51    20    34    38    12     2    18    20    14    22  1973 16
  32    23    44    10    39    24    22     2    14    19    13    31  1973 17
  43    23    35    13    41    23    37     4    13    15    13    34  1973 18
  41    20    41    32    36    45    15     6    13     0    15    36  1973 19
  45    29    21    42    45    63     6     8    31     0    11    45  1973 20
  46    33    17    41    42    77    12    13    39     6    15    42  1973 21
  55    32    34    58    51    65     6    11    44    21    26    41  1973 22
  47    42    33    75    46    54     1    20    59    29    40    54  1973 23
  46    48    32    70    57    50    11    19    65    39    41    44  1973 24
  27    39    29    57    62    53    12    30    76    58    50    53  1973 25
  15    34    27    58    47    48     9    33    80    66    75    48  1973 26
  11    34    34    64    44    44    10    32    77    54    66    16  1973 27
  10    44    33    62    26    43    11    42    83    54    81     3  1973 28
   1          41    52    36    42    13    49    85    54    67     0  1973 29
  11          49    39    21    27    15    74    75    46    62     0  1973 30
   7          67          17          17    87          34           0  1973 31
-------------------------------------------------------------------------------
 38.8  40.5  44.9  56.4  39.5  37.9  20.8  25.5  61.3  30.0  24.2  20.5   Mean
-------------------------------------------------------------------------------
Yearly Mean = 36.7

