                      DAILY AMERICAN SUNSPOT NUMBERS 1962
===============================================================================
 Jan   Feb   Mar   Apr   May   Jun   Jul   Aug   Sep   Oct   Nov   Dec   Yr Day
-------------------------------------------------------------------------------
  19    70    80    32    34    21    38     0    53    38     8    25  1962 01
  13    67    76    31    48    17    37     0    62    31    17    28  1962 02
  17    47    51    34    40     4    38     5    74    23    13    38  1962 03
  14    45    21    31    44     2    31     8    70    29     5    49  1962 04
  12    42    21    21    31    11    18     3    65    14     0    60  1962 05
  12    24    29    18    35    31    18     5    52    21    11    40  1962 06
  12    33    21    28    18    30    11     2    52    21    11    18  1962 07
   3    21    23    21    17    29    13     1    57    34    11    13  1962 08
   2    19     4    18    38    38    12     0    34    47    11    15  1962 09
   0    11     0     1    45    33    11     0    34    52    11    13  1962 10
   0     3     0     1    39    35    13     1    46    56    23     9  1962 11
   0     3     8    39    39    25    18    12    50    58    38     3  1962 12
  12     8    15    62    24    27    23    22    53    68    50     3  1962 13
  28    17    14    65    17    44    26    40    41    64    52    11  1962 14
  21    18    16    76    13    45    15    43    37    55    65     1  1962 15
  13    15    24    77    16    48    17    45    33    50    70     5  1962 16
   3    15    25    80    26    59    18    42    28    47    56    17  1962 17
  17    22    29    66    22    57    12    40    25    35    43    34  1962 18
  24    33    56    69    23    60     9    34    23    24    31    37  1962 19
  24    49    55    49    32    41     3    25    17    24    21    29  1962 20
  32    56    69    64    42    32    23    28    26    24    15    25  1962 21
  47    80    68    64    44    27    13    23    31    27    11    20  1962 22
  61    82    60    48    41    22    12    19    21    38     0    20  1962 23
  84    88    45    25    44    30    12    12    35    44    13    21  1962 24
  61    58    49    14    47    30    10     6    49    29    26     4  1962 25
  70    71    46    18    46    35    11     0    39    37    17     0  1962 26
  69    77    38    26    42    30     9     0    37    26    11     0  1962 27
  67    80    27    28    42    31     7     1    26    19    11     0  1962 28
  61          25    24    49    37     5     2    31    14    13     0  1962 29
  57          32    25    39    43     1    14    41    17    14     0  1962 30
  67          26          33           0    27          21           7  1962 31
-------------------------------------------------------------------------------
 29.7  41.2  34.0  38.7  34.5  32.5  15.6  14.8  41.4  34.8  22.6  17.6   Mean
-------------------------------------------------------------------------------
Yearly Mean = 29.8

