                      DAILY AMERICAN SUNSPOT NUMBERS 1947
===============================================================================
 Jan   Feb   Mar   Apr   May   Jun   Jul   Aug   Sep   Oct   Nov   Dec   Yr Day
-------------------------------------------------------------------------------
  95    75   132   213   211   205   173   169   241   241   120   148  1947 01
  73    88   129   230   191   174   144   199   238   271   103   125  1947 02
  67   105   142   207   202   137   137   229   253   322    90   109  1947 03
  55    98   189   196   197   136   141   218   252   324    91    93  1947 04
  61   108   224   214   161   140   136   230   236   284    81   108  1947 05
  84   106   236   222   173   162   143   251   282   229    91   147  1947 06
  81   138   223   227   178   169   150   300   292   195    95   156  1947 07
  95   146   202   203   173   118   134   308   283   191    87   139  1947 08
  91   157   212   198   163    97   187   338   257   167    80   118  1947 09
 115   177   210   194   181   108   164   337   229   149    66   140  1947 10
 135   211   211   154   178   101   140   334   198   133    80   147  1947 11
 163   193   207   122   176    96   146   303   188   110   115   170  1947 12
 146   190   180   112   175    86   174   340   182    94   153   181  1947 13
 168   201   132   103   136    95   188   338   163   103   170   172  1947 14
 189   166   125    71   126   140   192   319   163   126   207   156  1947 15
 206   173    92    74   147   152   193   242   156   152   210   156  1947 16
 210   154    67    86   171   203   200   209   164   152   169   176  1947 17
 240   141    60    94   190   239   211   173   142   172   208   166  1947 18
 214   120    53    97   246   268   209   151   114   164   229   160  1947 19
 173   123    71    85   261   263   207   125   115   162   238   177  1947 20
 154   118    90    90   282   255   212   118   121   164   237   138  1947 21
 160   113   111    96   324   256   168   101   110   184   213   141  1947 22
 182   124   132   128   368   241   170    83   120   232   208   118  1947 23
 168   141   138   148   363   195   176   117   141   254   247   133  1947 24
 152   172   114   207   341   177   179   111   167   273   240   143  1947 25
 117   196   139   219   324   149   174   110   189   257   214   162  1947 26
 101   184   166   209   285   150   157   138   195   221   168   186  1947 27
  73   155   186   215   294   137   141   159   195   196   155   178  1947 28
  62         189   209   276   167   135   198   216   158   146   167  1947 29
  67         206   208   224   172   150   219   248   135   138   140  1947 30
  77         215         234         135   243         128         148  1947 31
-------------------------------------------------------------------------------
128.2 145.5 153.0 161.0 224.2 166.3 166.6 216.4 195.0 191.7 155.0  148.3  Mean
-------------------------------------------------------------------------------
Yearly Mean = 170.9

