                      DAILY AMERICAN SUNSPOT NUMBERS 1958
===============================================================================
 Jan   Feb   Mar   Apr   May   Jun   Jul   Aug   Sep   Oct   Nov   Dec   Yr Day
-------------------------------------------------------------------------------
 213   154   120   261   199   139   180   240   227   197   170   255  1958 01
 222   143   114   271   211   115   168   240   204   209   196   225  1958 02
 195   152   159   227   265   148   192   216   218   187   192   191  1958 03
 218   159   186   281   240   202   206   178   226   187   136   225  1958 04
 185   176   214   276   212   216   225   217   229   142   125   226  1958 05
 120   119   212   235   172   185   223   238   234    99    87   226  1958 06
 225   160   145   201   183   165   185   235   166   103   108   207  1958 07
 212   131   182   206   153   182   162   211   164    79    99   236  1958 08
 187   155   173   176   176   161   185   235   167   113    75   263  1958 09
 249   117   171   174   180   189   175   240   205   127    86   203  1958 10
 243   160   162   154   188   172   149   192   230   115    69   215  1958 11
 269   143   163   105   148   162   120   189   262   128    75   170  1958 12
 235   128   166   117   152   180   135   180   271   149    59   220  1958 13
 279   130   200    92   107   115   104   155   233   142    54   186  1958 14
 223   143   166   119   120    86   132   191   202   180    68   116  1958 15
 300   162   169   111   117    65   127   198   184   216    66   135  1958 16
 240   145   171   145   120    86   147   177   214   239    34   116  1958 17
 215   121   151   157   130    96   142   149   189   202    51    96  1958 18
 198   103   168   159   159   127   176   136   175   207    73    71  1958 19
 178   156   144   161   161   126   187   142   175   168    85    86  1958 20
 203   159   160   176   171   135   204   161   158   163   105    94  1958 21
 229   171   166   175   158   175   158   174   164   214   118   107  1958 22
 143   129   191   179   197   195   185   190   173   169   135   102  1958 23
 123   156   208   164   206   164   198   185   175   190   179   153  1958 24
 184   163   189   144   175   162   162   195   192   182   197   173  1958 25
 198   139   233   173   173   205   188   161   153   168   242   204  1958 26
 142   108   243   155   145   175   181   175   190   164   200   186  1958 27
 129    85   237   187   153   181   189   184   228   163   279   191  1958 28
 118         287   188   189   133   206   166   180   152   222   143  1958 29
 155         278   223   179   121   250   193   165   169   215   142  1958 30
 144         268         190         283   209         220         173  1958 31
-------------------------------------------------------------------------------
199.2 141.7 187.0 179.7 171.9 152.1 178.2 192.0 198.4 165.9 126.7 172.5   Mean
-------------------------------------------------------------------------------
Yearly Mean = 172.1

