                      DAILY AMERICAN SUNSPOT NUMBERS 1959
===============================================================================
 Jan   Feb   Mar   Apr   May   Jun   Jul   Aug   Sep   Oct   Nov   Dec   Yr Day
-------------------------------------------------------------------------------
 234   107   143   200   117   130   163   183   287    60   112   164  1959 01
 224   118   106   177   119   137   121   214   236    87    89   192  1959 02
 238   133   143   143   103   148   145   204   193    96   103   194  1959 03
 213   155   150   110    97   162   118   179   160   108    92   174  1959 04
 195   109   104   107    90   146   121   194   151   111    84   155  1959 05
 208   103   120   104   128   148   113   167   162   106   111   152  1959 06
 233    63   127   107   131   146   113   173   161   120   121   131  1959 07
 270    66   142   139   129   156   102   141   140    93   144   138  1959 08
 209    83   150   163   173   169   100   147   132    82   139    97  1959 09
 181    96   134   191   220   152    84   161   141    82   141    76  1959 10
 170   114   114   195   199   168   102   144   136    99   144    72  1959 11
 168    78   140   189   240   164   123   136   153    89   146    74  1959 12
 133   102   158   176   234   163   152   106   162    83   156    79  1959 13
 116    77   150   168   197   164   152   106   158    88   164    82  1959 14
 109   120   176   163   182   152   150   134   146   108   150   120  1959 15
 146   104   175   134   142   162   197   145   111   119   129   108  1959 16
 143   169   177   128   157   137   209   122    81   126    80   105  1959 17
 166   115   194   118   159   168   178   141   105   108    67   131  1959 18
 165   112   171   118   125   111   154   162   123   110    52   163  1959 19
 240   111   195   135   137   115   143   160   127   105    71   174  1959 20
 275   135   182   128   114   138   109   164   126    97    63   154  1959 21
 234   142   170   151   118   129   104   195   129   131    88   116  1959 22
 234   172   144   153   121   181   106   192    96   164   107   110  1959 23
 223   151   140   138   134   163   117   153   114   164   125   121  1959 24
 256   142   158   160   138   169   133   193   101   150   156   143  1959 25
 213   172   164   183   129   148   156   228    96   126   147   134  1959 26
 258   152   169   178   137   169   176   253    86   158   159   150  1959 27
 242   129   175   185    93   156   178   259    91   113   172   153  1959 28
 205         233   131    80   135   184   273    99   134   167   120  1959 29
 155         207   139    80   134   197   285    90   126   161   113  1959 30
 114         195         104         191   261         151         131  1959 31
-------------------------------------------------------------------------------
199.3 118.9 158.3 150.4 139.6 150.7 141.6 179.8 136.4 112.7 122.3 129.9   Mean
-------------------------------------------------------------------------------
Yearly Mean = 145.0

