                      DAILY AMERICAN SUNSPOT NUMBERS 1956
===============================================================================
 Jan   Feb   Mar   Apr   May   Jun   Jul   Aug   Sep   Oct   Nov   Dec   Yr Day
-------------------------------------------------------------------------------
  48    50   127    79   101    94   154   133   147   154   153   183  1956 01
  42    75   113    49    96   102   147   137   157   184   176   147  1956 02
  52    69   104    37   107    97   143   141   133   207   169   155  1956 03
  55    52    98    22   134    92   133   141   121   197   183   175  1956 04
  42    35    86    31   138   114   142   134   116   140   209   155  1956 05
  44    38    94    36   118   107   151   119   137   142   254   146  1956 06
  47    37   102    53   155    98   151   122   141   163   287   149  1956 07
  57    42   103    84   166    79   152   107   128   150   265   148  1956 08
  52    40    83   107   154    91   140   110   113   139   207   164  1956 09
  46    29    83   134   146    90   154   102   123   160   225   147  1956 10
  49    47    77   140   143    81   176   123   160   143   224   153  1956 11
  59    75    77   169   134    93   166   126   205   159   178   185  1956 12
  78    96    85   170   118    92   169   122   222   133   180   171  1956 13
  69   124   103   147   110   110   143   127   249   115   177   211  1956 14
  97   121   111   161    95   104   138   125   245    94   221   152  1956 15
 115   153   123   130    86   120   115   137   230   100   170   161  1956 16
 108   175   102   188   107   114    73   145   222    89   161   163  1956 17
  97   158   116   173   131   118    68   159   210    95   150   100  1956 18
  95   212   118   161   119   145    58   192   209   104   145    94  1956 19
 106   206   112   139   131   162    70   198   215   113   143   112  1956 20
 100   168   114   135   117   146    75   211   175   125   121   134  1956 21
  89   156   146   124   108   116    80   217   129   162   131   151  1956 22
  86   152   123    86    75   127    73   224   128   134    95   160  1956 23
  79   147   134    76    80   103    73   196   132   124   104   185  1956 24
  81   140   110    91    95    90    82   170   130   128   120   195  1956 25
  57   116   123    82    94    55    85   182   150   143   126   199  1956 26
  41   113   103    78   105    63    82   209   110   124   126   186  1956 27
  43   132   105    57   119    95   105   175   110   133   155   190  1956 28
  57   128   104    57   125   128   107   203   117   157   180   160  1956 29
  52         118    77   121   153   127   175   121   164   157   153  1956 30
  41          88         111         123   175         162         170  1956 31
-------------------------------------------------------------------------------
 67.2 106.4 105.9 102.4 117.3 106.0 117.9 155.7 159.5 139.9 173.1 159.8   Mean
-------------------------------------------------------------------------------
Yearly Mean = 125.9

