                      DAILY AMERICAN SUNSPOT NUMBERS 1944
===============================================================================
 Jan   Feb   Mar   Apr   May   Jun   Jul   Aug   Sep   Oct   Nov  Dec   Yr Day
-------------------------------------------------------------------------------
                                                                    1  1944 01
                                                                    0  1944 02
                                                                    0  1944 03
                                                                    0  1944 04
                                                                    7  1944 05
                                                                   17  1944 06
                                                                   14  1944 07
                                                                   29  1944 08
                                                                   30  1944 09
                                                                   39  1944 10
                                                                   37  1944 11
                                                                   40  1944 12
                                                                   47  1944 13
                                                                   47  1944 14
                                                                   39  1944 15
                                                                   42  1944 16
                                                                   47  1944 17
                                                                   59  1944 18
                                                                   77  1944 19
                                                                   50  1944 20
                                                                   38  1944 21
                                                                   39  1944 22
                                                                   44  1944 23
                                                                   65  1944 24
                                                                   52  1944 25
                                                                   32  1944 26
                                                                   23  1944 27
                                                                   22  1944 28
                                                                   15  1944 29
                                                                   10  1944 30
                                                                    7  1944 31
-------------------------------------------------------------------------------
                                                                  31.2   Mean
-------------------------------------------------------------------------------
Yearly Mean =

