                      DAILY AMERICAN SUNSPOT NUMBERS 1951
===============================================================================
 Jan   Feb   Mar   Apr   May   Jun   Jul   Aug   Sep   Oct   Nov   Dec   Yr Day
-------------------------------------------------------------------------------
  22    94    62    36    63    38    17    55    43    44    64    29  1951 01
  18    70    48    33    55    38    27    51    45    50    51    28  1951 02
  38    52    47    14    42    30    38    49    53    46    50    28  1951 03
  26    63    43    28    37    28    44    64    57    41    60    25  1951 04
  43    48    33    58    24    67    42    74    64    25    65    46  1951 05
  44    31    56    65    19    92    70    87    78    20    56    36  1951 06
  43    34    43    79    27   107    85    95    65    13    43    44  1951 07
  39    41    21    81    16   118    89    99    98    36    36    41  1951 08
  53    62    22    77    29   135    90   113   114    61    59    25  1951 09
  39    84    27    92    67   111    95   112   113    77    72    28  1951 10
  53    80    35    91    87   114    87   101   117    94    63    20  1951 11
  29    78    41    85   121   123    69    98   109    88    54    27  1951 12
  16    52    38    82   134   120    77    74   121    65    43    30  1951 13
  18    63    33    92   137   117    71    70   115    56    48    34  1951 14
  14    69    34    98   153   108    71    67   111    55    61    36  1951 15
  19    52    33   101   161   125    47    61   102    61    42    30  1951 16
  30    40    35   114   179   129    43    45    97    62    62    47  1951 17
  42    33    31   120   185   125    34    54   115    58    56    51  1951 18
  54    32    37   111   178   124    32    61   116    64    60    62  1951 19
  50    35    39   114   157    99    31    49    90    45    51    97  1951 20
  43    45    43   145   156   109    19    45   107    32    45    72  1951 21
  52    41    57   140   139   108    36    47   125    29    42    66  1951 22
  72    48    71   130   113    80    72    40   112    15    56    71  1951 23
  68    53   105   119   101    68    74    28    95    21    62    67  1951 24
  73    56    96    98    95    60    67     8    77    28    79    44  1951 25
 104    53    83   103    95    54    66    12    62    45    74    46  1951 26
 129    48    93   117    85    45    67     0    62    56    71    27  1951 27
 101    54    71   104    74    44    81     9    42    71    63    35  1951 28
  95          59    80    36    29    47    11    20    77    70    38  1951 29
 119          49    80    40    18    56    16    30    75    45    45  1951 30
 121          34          37          62    30          64          57  1951 31
-------------------------------------------------------------------------------
 53.8  54.0  49.0  89.6  91.7  85.4  58.3  55.6  85.2  50.8  56.7  42.9   Mean
-------------------------------------------------------------------------------
Yearly Mean = 64.4

