                      DAILY AMERICAN SUNSPOT NUMBERS 1946
===============================================================================
 Jan   Feb   Mar   Apr   May   Jun   Jul   Aug   Sep   Oct   Nov   Dec   Yr Day
-------------------------------------------------------------------------------
  36   103   110    90   159    31    87   135   156   102   106    93  1946 01
  36   123   102    98   147    37    97   135   158   102    77    88  1946 02
  36   112   116   106   144    38    99   129   156    82    77    86  1946 03
  31   106   125   100   136    34   102   135   116    73    80   109  1946 04
  23   114   117   102   139    51   118   126    86    69    88   118  1946 05
  14   106   100   103   118    57   118   115    72    72   122    99  1946 06
  15   104    91    93    93    65   118   109    67    74   126   101  1946 07
  16   100    72    83    84    66    95   114    60    71   119    82  1946 08
  29    97    70    79    75    73    82   125    61    73   133    80  1946 09
  35   109    80    69    60    43    78   114    60    53   159   114  1946 10
  29   122    82    67    44    54    86   109    68    45   129   112  1946 11
  34   118    87    65    46    78    82    95    77    83   166   115  1946 12
  97   102    73    69    49    62    89    89   106   109   167   113  1946 13
 117    69    70    65    39    67    94   109   107   124   188   121  1946 14
 100    57    57    50    26   101    98   106   121   111   189   137  1946 15
 110    63    61    53    45    83   113   101   123   137   181   155  1946 16
  93    67    92    58    65    94   121    80   116   149   166   142  1946 17
  82    61   110    70    79   108   131   108   125   131   173   158  1946 18
  68    60   107    65    85   102   135   112   124   140   172   136  1946 19
  64    61   116    73    87   119   102   114   106   155   161   136  1946 20
  65    73   124    68    90   111   118   104   107   163   180   132  1946 21
  68    76   118    67    91   107   138   124   124   162   157   171  1946 22
  60    83    98    69   102   126   126   132   140   167   153   147  1946 23
  43    96    71    64   109   129   109   117   136   157   153   158  1946 24
  38    88    57    62   104   109    88    94   161   156   134   180  1946 25
  37    96    44    76    96    99   139    92   175   135   128   167  1946 26
  51    98    43    93    85    99   172    84   181   137   111   167  1946 27
  55   111    64   116    68    85   156    98   152   113   103   170  1946 28
  60          75   124    58    76   163   113   135   116   104   142  1946 29
  74          87   134    39    83   162   132    95   119    85   117  1946 30
  95          93          28         152   143         113         103  1946 31
-------------------------------------------------------------------------------
 55.2  92.0  87.5  81.0  83.5  79.6 115.1 112.7 115.7 112.7 136.2 127.4   Mean
-------------------------------------------------------------------------------
Yearly Mean = 99.9

