                      DAILY AMERICAN SUNSPOT NUMBERS 1965
===============================================================================
 Jan   Feb   Mar   Apr   May   Jun   Jul   Aug   Sep   Oct   Nov   Dec   Yr Day
-------------------------------------------------------------------------------
  24    13     6     0     0    14    12     0    15    33    29    10  1965 01
  26    12     1     0     3    20     9     0    17    39    27    10  1965 02
  29    13     1     0     4    29     6     7    19    50    20    10  1965 03
  30    11     5     0     1    39     6     2    19    43    11     9  1965 04
  28    10     6     0     1    33     3     0    16    37     1    10  1965 05
  18    17     5     0     0    33    13     0    21    26    29    12  1965 06
  13    19     8     0     9    34    22     7    21    16    43     9  1965 07
  16    20     0     0    10    21    20     6    19     5    34     2  1965 08
   5    20     1     0     4    13    22     9    19    10    38     3  1965 09
   2    22    12     0     0     2    19    10    18    11    43     0  1965 10
   0    21    10     5     1     0    20    10    17    11    38     0  1965 11
   0    22    20    10     7     0    25    14    21     9    24     0  1965 12
   0    22    20    11    10     0    15     1    18    10    15     0  1965 13
   4    22    20    12     4     0    14     1    12     2    16     0  1965 14
   0    24    21    17    29     0    11     0    11     0    14    18  1965 15
   4    14    16    12    37     0    11     0    10     0    12    21  1965 16
  10    10    19    14    57    10     4     0     5     0     0    18  1965 17
  16     3    23     8    55    17     0     3     4     0     0    19  1965 18
  16     0    23     0    65    15     0     1     2     8     0    16  1965 19
  26     0    14     1    55    13     0     2     1    12     0     0  1965 20
  21     0     2    13    48    11     0     0     0    14     0     7  1965 21
   8     0     0    19    43     5     0     0     0    22     0     8  1965 22
  15     0     0    18    39     0     0     0    14    20     3    10  1965 23
  18     4     3    10    30     0     0     0    14    21     4     6  1965 24
  24    14    13    10    23     0     0     0    12    16     0    17  1965 25
  24    19    11    16    14     1     0     3    15    11     0    20  1965 26
  21    22    12    12     1     6     0    16    13    12     0    35  1965 27
  19    19     8     3     0     6     0    12    21    11     6    44  1965 28
  27           1     0     0     8     1     3    35    11     9    55  1965 29
  24           0     0     0    13     5    12    41    11    10    47  1965 30
  15           0           0           0    19          12          28  1965 31
-------------------------------------------------------------------------------
 15.6  13.3   9.1   6.4  17.7  11.4   7.7   4.5  15.0  15.6  14.2  14.3   Mean
-------------------------------------------------------------------------------
Yearly Mean = 12.1

