                      DAILY AMERICAN SUNSPOT NUMBERS 1954
===============================================================================
 Jan   Feb   Mar   Apr   May   Jun   Jul   Aug   Sep   Oct   Nov   Dec   Yr Day
-------------------------------------------------------------------------------
   0     0    10     0     0     2     0     5     0     0     1     0  1954 01
   0     0     8     0     0     1     0    12     0     0     1     0  1954 02
   0     0     9     0     0     0     0    13     0     2     0     1  1954 03
   0     0     1     0     0     0     0    12     2     3     0     3  1954 04
   0     0     0     0     1     0     0    15     2     2     5     1  1954 05
   0     0     0     0     0     0     0    20     1     2     7     0  1954 06
   0     0     0     2     0     0     0    16     0     0     8     3  1954 07
   0     3     0     5     0     0     5     4     0     3     7     0  1954 08
   0     6     0     2     0     0     1    15     0     1    24     0  1954 09
   0     0     0     0     0     0     0    17     0     0    40     0  1954 10
   2     0     0     0     0     0     0    17     0     3    35     1  1954 11
   0     0     8     0     0     0     4    13     0     5    42     0  1954 12
   0     0    19     0     0     0    10     8     0     7    32     0  1954 13
   0     0    24     1     4     0     9     1     1    12    19     3  1954 14
   0     0    26     3     1     0     5     0     1    19    12    18  1954 15
   0     0    26     3     0     0     5     0     0    15     2    17  1954 16
   0     0    24     1     0     0     8     0     0     1     0    19  1954 17
   0     0    26     2     0     0     3     0     0     2     0    26  1954 18
   0     0    19     0     0     0     0     0     0     8     2    19  1954 19
   0     0    17     0     0     0     0     1     0     8     0    16  1954 20
   0     0    15     0     0     0     0    16     0     8     0     5  1954 21
   0     0    10     0     0     1     0    19     0    11     0     5  1954 22
   0     0     0     0     0     1     0    19     0    10     0    14  1954 23
   0     0     5     0     0     0     3    15     0     9     0    12  1954 24
   0     0     1     0     0     0     7    10     0     9     2     8  1954 25
   0     0     0     0     0     0     3     1     0     7     0     5  1954 26
   0     0     0     0     0     0     0     2     0     0     0     0  1954 27
   0     0     0     0     0     0     0     0     0     0     0     5  1954 28
   0           0     0     0     0     0     0     0     0     0    14  1954 29
   0           0     0     0     0     1     0     1     0     0    21  1954 30
   0           0           0           0     0           0          22  1954 31
-------------------------------------------------------------------------------
  0.1   0.3   8.0   0.6   0.2   0.2   2.1   8.1   0.3   4.7   8.0   7.7   Mean
-------------------------------------------------------------------------------
Yearly Mean = 3.4

