                      DAILY AMERICAN SUNSPOT NUMBERS 1953
===============================================================================
 Jan   Feb   Mar   Apr   May   Jun   Jul   Aug   Sep   Oct   Nov   Dec   Yr Day
-------------------------------------------------------------------------------
  17     1     0    43    39    14     0     0     2     0    13     0  1953 01
  17     9     0    50    39    26     4     5     0     0    12     0  1953 02
  21    10     1    55    32    24     0    13     0     4    13     0  1953 03
  27    10     4    51    15    35     0    16     0     3     4     0  1953 04
  31     1     0    36    11    34     0    14     1     1     1     0  1953 05
  45    12     0    34    10    34     0    11    12    19     0     4  1953 06
  31    13     0    46     9    32     0    12    14    18     0     6  1953 07
  36    11     2    37     0    34     0    25    16    15     1     1  1953 08
  48    13     0    26     0    30     8    32    17    17     0     0  1953 09
  57    10     0    15     0    28    15    55    18     6     0     0  1953 10
  65     8     0     4     0    17    15    72    19     8     0     0  1953 11
  60     2     0     0     0     7    17    66    28    13     0     0  1953 12
  56     1     2     0     0     3    17    67    20    18     0     0  1953 13
  50     0     7     0     0    18    24    60    27    29     0     0  1953 14
  49     1     3     0     1    21    21    52    44    24     0     0  1953 15
  49     0     0     0     0    25    17    55    44    18     0     0  1953 16
  35     0     0     0     5    21    17    43    40     4     0     0  1953 17
  26     0     3     0     3    18    16    36    38     0     0     0  1953 18
  23     0    11     0    13    26    13    31    20     0     0     0  1953 19
  22     0    11     0    12    29    11    18    20     0     1     0  1953 20
  14     0    12     1    11    18     4    14    15     0     0     1  1953 21
  19     0    11    12    12    17     0    14    14     0     0     0  1953 22
  11     0    12    22    13    13     0     3    11     1     0     0  1953 23
   9     0    12    32    13    12     0     0    13     0     0     3  1953 24
   3     0     3    40    14    17     0     0    18     0     3     7  1953 25
   1     0     0    54    12    13     0     0    16    13     1     3  1953 26
   0     0    18    54    13     5     0     1     2     4     2     1  1953 27
   0     0    21    44    16     4     0     1     0     0     1    15  1953 28
   3          20    45    19     7     0     0     0     0     0     9  1953 29
   0          48    44    22     6     0     0     3     0     0     0  1953 30
   0          44           6           0     0           7           0  1953 31
-------------------------------------------------------------------------------
 26.6   3.6   7.9  24.8  11.0  19.6   6.4  23.1  15.7   7.2   1.7   1.6   Mean
-------------------------------------------------------------------------------
Yearly Mean = 12.5

