                      DAILY AMERICAN SUNSPOT NUMBERS 1990
===============================================================================
 Jan   Feb   Mar   Apr   May   Jun   Jul   Aug   Sep   Oct   Nov   Dec   Yr Day
-------------------------------------------------------------------------------
 174   177   169   107    68    94   261   149   125   120    77   137  1990 01
 151   164   169   114    55    90   242   151   124   130    84   174  1990 02
 160   140   155   118    58    84   240   142   135   146   117   184  1990 03
 169   120   113   129    84    85   209   131   141   147   140   196  1990 04
 140    90   105   131    77    81   184   125   119   130   169   195  1990 05
 133    77    98   133   106   100   169   116   114   136   192   202  1990 06
 131    91   116   132   125   100   158   121   107   150   197   216  1990 07
 135   109    91   110   135   116   132   125   104   155   204   229  1990 08
 117   110    90    98   138   103   104   145   112   156   200   206  1990 09
 134    79    85    85   128   112    94   161   118   173   167   198  1990 10
 161    80    87    93   127   131   107   162   113   199   141   170  1990 11
 169    82    89    93   142   130   104   175   127   190   143   144  1990 12
 165   100    90   123   141   124   106   182   139   207   127   139  1990 13
 133    91    89   152   137   121   107   210   164   208   142   106  1990 14
 159    90   108   166   152   105    96   218   158   221   113   102  1990 15
 147    65   125   184   168   109    90   226   162   193    98   121  1990 16
 183    47   136   224   177   104    76   262   144   190   121   123  1990 17
 179    88   165   218   181    90    55   273   138   185   102   124  1990 18
 201   123   203   215   190    80    60   277   143   173   109   150  1990 19
 233   139   228   215   183    74    84   280   142   152   109   129  1990 20
 222   158   230   209   197    69   127   262   138   141   120   110  1990 21
 196   181   210   196   179    76   144   249   133   143   131   106  1990 22
 218   220   234   189   156    73   174   266   113   137   130    97  1990 23
 235   269   234   171   151    86   201   275   101   132   120   105  1990 24
 225   236   215   155   147   102   199   241    97   130   114   106  1990 25
 220   220   193   152   131   121   190   217    98   111   109   116  1990 26
 203   217   161   128   137   151   173   194    95   110   106   122  1990 27
 209   205   135    97   118   202   154   163   119   107   132   129  1990 28
 213         132    99   113   225   139   172   127   108   152   126  1990 29
 192         130    92   100   245   118   177   118    89   142   120  1990 30
 198         109         106         141   152          84         142  1990 31
-------------------------------------------------------------------------------
177.6 134.6 145.0 144.3 132.5 112.8 143.2 193.5 125.6 150.1 133.6 145.9   Mean
-------------------------------------------------------------------------------
Yearly Mean = 145.1

