                      DAILY AMERICAN SUNSPOT NUMBERS 1950
===============================================================================
 Jan   Feb   Mar   Apr   May   Jun   Jul   Aug   Sep   Oct   Nov   Dec   Yr Day
-------------------------------------------------------------------------------
 122    63   102    92   200   112    80   104    81    54    91   137  1950 01
 109    29    88   131   179   113    68   128    63    56    83   129  1950 02
  99    32   120   174   158   104    59   113    77    64    62   128  1950 03
  98    42   171   194   158    84    58   104    46    73   104   113  1950 04
  95    42   189   178   139    67    63    97    22    73   115    89  1950 05
  99    36   182   160   143    62   101   103    28    56   109    68  1950 06
  86    36   226   145   144    63   104   104    36    76   106   120  1950 07
  74    30   231   124   148    77    90    90    37   109    79   134  1950 08
  86    33   192   125   104   101    86    99    42   122    82   151  1950 09
  88    51   176   105   100   107    96   100    27    99    70   148  1950 10
  84    76   181    90   101    97    92    93    44   108    77   156  1950 11
  75    95   165   102    77    91    81   121    58    94    66   129  1950 12
  89   120   153   115    65   121    88   106    93    94    66   113  1950 13
  85   195   160   138    59   129    92    92    97    81    87    91  1950 14
  96   202   160   144    56   116    90   100    93   104   100    59  1950 15
  92   198   139   145    74   106   100   124   102   115    77    43  1950 16
 110   219   128   132    86    98   115   135    97   115    71    25  1950 17
 129   221   105   109   113    92    99   134   123    93    61    19  1950 18
 177   214   113   101   124    79   111   148   108    56    56     7  1950 19
 182   206   111    87   138    71   127   129    87    42    40     3  1950 20
 183   225    95    90   146    86   129   119    77    27    19     3  1950 21
 202   202    79    85   173   106   139   128    74    21    24     3  1950 22
 193   162    77   136   187   114   133   142    57    34    21     4  1950 23
 216   145    88   157   194   140   136   118    56    43    16    37  1950 24
 223   113   112   178   184   153   130   117    63    40    21    43  1950 25
 189    94    89   174   176   141   150    91    59    61    45    68  1950 26
 149   103    92   180   162   100   144    66    53    55   102    57  1950 27
 148   104   104   196   134    75   142    67    45    77   108    39  1950 28
 120         139   198   117    86   134    85    62   132   108    35  1950 29
 108         111   201    94    88   117    72    54   124   118    27  1950 30
  97          94          92          91    81          93          28  1950 31
-------------------------------------------------------------------------------
125.8 117.4 134.6 139.5 129.8  99.3 104.7 106.8  65.4  77.1  72.8  71.2   Mean
-------------------------------------------------------------------------------
Yearly Mean = 103.7

