                      DAILY AMERICAN SUNSPOT NUMBERS 1968
===============================================================================
 Jan   Feb   Mar   Apr   May   Jun   Jul   Aug   Sep   Oct   Nov   Dec   Yr Day
-------------------------------------------------------------------------------
 123   208    96   108   130   127    43    91    58    87   108    74  1968 01
 156   226    89   101   138   117    30    94    89    76    88    89  1968 02
 139   189    75    72   128   117    33    88   120   118    80    96  1968 03
 150   167    47    82   119   105    27    87   111   115    64   105  1968 04
 149   120    48    82   128   120    29    82    90   108   102   101  1968 05
 188    94    34    71   141   157    42    76    80   123   113    90  1968 06
 192    73    51    71   128   147    62   104    80   119    82   113  1968 07
 192    97    55    66   104   117    82   104   109   115    92    97  1968 08
 189   109    48    87   110    94    83    91   122    79    60   124  1968 09
 138    79    69    95   109    84    88    71   144    64   108   123  1968 10
 146    62    90    87    94    90   122   100   139    78   110    77  1968 11
 144    71    88    75    88   100   151    95   148    80    67    73  1968 12
 138    53    72    65    82   104   143   135   138    71    65    65  1968 13
 112    68    57    87    82   118   119   176   113    71    82    56  1968 14
  93    64    54    88    78   117   101   174   100    82    99    67  1968 15
  57    64    50    84    84   114   125   161    77    84    84    67  1968 16
  41    75    57    62   123   121    92   160    65    80    95    84  1968 17
  41    57    46    42   139   102    94   129    84    84    63    87  1968 18
  41    61    43    44   150    93    90   116    87   102    73   101  1968 19
  34    58    56    43   169    88   105   118    83   105    80    89  1968 20
  24    58    91    33   162    76    95   127    86   106    61   102  1968 21
  40    52    99    35   161    85    89   128    95   116    50   104  1968 22
  32    74   100    22   151    97    94   102   113   133    59    92  1968 23
  44    98   109    46   144    97    96    96   160   122    70   100  1968 24
  89   128   117    49   120    77   113    85   169   121    79   141  1968 25
  67   139   108    46   123    75   123    68   197   103    84   185  1968 26
  82   107   128    47   128    76   117    44   160   115    72   183  1968 27
 140   112   130    66   126    87   110    45   154   118    59   159  1968 28
 160   113   135    61   136    82   116    58   134    97    53   136  1968 29
 188         135    92   139    69    97    47    85    99    67   102  1968 30
 194         122         138          86    47         111          91  1968 31
-------------------------------------------------------------------------------
113.5  99.2  80.6  67.0 124.3 101.8  90.2  99.5 113.0  99.4  79.0 102.4   Mean
-------------------------------------------------------------------------------
Yearly Mean = 97.5

