                      DAILY AMERICAN SUNSPOT NUMBERS 1970
===============================================================================
 Jan   Feb   Mar   Apr   May   Jun   Jul   Aug   Sep   Oct   Nov   Dec   Yr Day
-------------------------------------------------------------------------------
 125   125   127    78   121   102   150    75   101    64    79    98  1970 01
  72   114   134    87   115    80   171    77   108    62    86    89  1970 02
  71    78   111    97   133    60   162    62   115    55    77    80  1970 03
  85    50   112   107   112    53   186    69   123    69    83    84  1970 04
  55    53   106   125   119    45   175    66   137    63    90   100  1970 05
  31    87   103   122   107    49   171    71   153    63   111   112  1970 06
  29   108   112   140   100    45   126    90   147    75   102   111  1970 07
  31   121   112   177    83    62   109    87   145    80    66   119  1970 08
  55   128   119   178    84    66    94    77   121    89    81   114  1970 09
  64   140   120   174   131    81    86    83   103    95    88   128  1970 10
 103   172    91   156   127   107    82    89    93    92    84   129  1970 11
 153   133    86   141   120   126    79    85    75   101    89   103  1970 12
 166   132    82   116   123   149    71    81    80    94   116    88  1970 13
 174   134    67   110   134   153    67   103    79    93   141    80  1970 14
 187   135    56    92   135   154    60   124    78    85   165    81  1970 15
 162   141    43    83   142   150    59   105    70   102   166    77  1970 16
 188   146    29    81   177   138    58    98    77   110   168    59  1970 17
 187   155    37    68   161   120    56   110    86    90   189    80  1970 18
 124   136    47    89   154   101    81    98   107    98   187   108  1970 19
 108   153    95    71   165    87   106   103   128    85   155   115  1970 20
 112   163   108    65   126   112   111   114   131    75   114   115  1970 21
  98   161   124    64   120   102   102   109   118    90   118   107  1970 22
  80   181   146    67   118    92   109   107   117   107    98    93  1970 23
  81   177   147    67   118   109   109   125   137   131    71    82  1970 24
 117   164   130    69   104   118   131   129   117   128    68    68  1970 25
 148   145   110    83   117   113   150   128   114   146    70    49  1970 26
 165   151   110    86   115   107   151   102    93   156    72    47  1970 27
 156   118   101    98   110   108   155   116    89   146    78    47  1970 28
 155         106   114   128   118   162   126    89   151   100    68  1970 29
 128          93   119   125   132   120   127    68   133   114    93  1970 30
 115          83         130          84   105         114          78  1970 31
-------------------------------------------------------------------------------
113.7 132.2  98.3 104.1 124.3 101.3 114.0  98.1 106.6  98.1 107.5  90.4   Mean
-------------------------------------------------------------------------------
Yearly Mean = 107.4

