                      DAILY AMERICAN SUNSPOT NUMBERS 2003
===============================================================================
 Jan   Feb   Mar   Apr   May   Jun   Jul   Aug   Sep   Oct   Nov   Dec   Yr Day
-------------------------------------------------------------------------------
  27    44    53    99   105    40   102    49    53    75   122    85  2003 01
  32    45    63   111    93    40    86    61    46    72   102    71  2003 02
  69    41    64   100    94    42    75    80    45    59    71    72  2003 03
  79    44    77    79    98    52    70    81    50    60    38    63  2003 04
  78    60    73    65    94    62    58    90    43    53    18    55  2003 05
  97    79    66    56    77    88    65    81    40    51    13    41  2003 06
 102    86    80    51    55   103    83    79    26    50     8    36  2003 07
 115    92    77    39    31   100    96    73    18    56    22    24  2003 08
 115   101    91    44    21   112    90    76    21    58    38    22  2003 09
 112    84    78    37    19   110    73    79    31    50    41    26  2003 10
 116    83    74    28    30   121    64    77    35    44    28    29  2003 11
 112    79    59    44    41   120    68    70    33    22    14    25  2003 12
  98    65    56    45    43   100   100    68    32    12    19    34  2003 13
  99    50    68    40    44    70   102    69    37     4    21    34  2003 14
  98    22    75    32    47    49   107    70    38    17    28    32  2003 15
  92    20    62    16    47    56    99    79    46    24    30    40  2003 16
  86    12    46    21    39    56   111    77    62    37    30    67  2003 17
  86    31    46    31    42    66   119    70    60    43    42    69  2003 18
  91    39    41    40    58    76   135    60    53    43    64    72  2003 19
  78    54    32    49    58    78   162    56    49    64    76    71  2003 20
  78    49    16    62    55    69   143    63    52    66    80    70  2003 21
  85    38    14    74    60    65   116    75    57    72    87    83  2003 22
  85    33    25    63    51    69   100    88    66    68    91    70  2003 23
  83    33    40    80    34    74    76    89    75    81    94    62  2003 24
  72    35    52    90    42    79    39    86    77    89   110    50  2003 25
  82    35    71    92    57    84    28    91    85   102   111    42  2003 26
  88    43    88   102    58    93    30    93    86   141   111    36  2003 27
  89    38   105   113    63    95    49    93    79   161   116    35  2003 28
  86         124   119    60    92    46    86    73   167   111    28  2003 29
  69         124   110    47    85    44    72    75   171    90    17  2003 30
  47         108          42          43    60         156          14  2003 31
-------------------------------------------------------------------------------
 85.3  51.3  66.1  64.4  55.1  78.2  83.2  75.5  51.5  70.0  60.9  47.6
-------------------------------------------------------------------------------
Yearly Mean =
