                      DAILY AMERICAN SUNSPOT NUMBERS 1967
===============================================================================
 Jan   Feb   Mar   Apr   May   Jun   Jul   Aug   Sep   Oct   Nov   Dec   Yr Day
-------------------------------------------------------------------------------
  78   103   173    88    87   145    60   133    96    82   109   106  1967 01
  75    89   149    50    70   119    76   111   115    73   119   103  1967 02
 130    69   160    38    68    98    76   111   129    83   118    86  1967 03
 126    70   140    49    60    95    80    83   126   110    76    76  1967 04
 145    74   135    64    73    86    87    93   152   106    49    77  1967 05
 142   107   103    63    43    69    87   105   114    99    43    86  1967 06
 117   118    98    91    26    53    76    98    96    66    35   101  1967 07
  90   114    84   107    21    37    74    88    78    54    13   114  1967 08
  96   106    82    78    24    20    73    73    81    66    25   102  1967 09
  89   104    82    64    17    17    57    76    74    97    26    99  1967 10
  88    92    70    55    17    20    53    81    69    73    41   125  1967 11
  78    62    57    47    31    12    52    63    68    66    62   130  1967 12
 101    60    61    55    32    19    55    70    58    54    79   129  1967 13
  72    53    65    51    34    31    81    65    40    45    72   127  1967 14
  46    56    48    37    47    29    82    68    33    43    76   152  1967 15
  53    58    78    14    39    40    77    88    33    36   109   143  1967 16
  54    63    67    36    42    60    68   100    41    28    88   135  1967 17
  68    55    68    40    64    61    57    93    45    34   109   144  1967 18
  77    60    63    35    73    71    29    91    49    52   111   120  1967 19
 102    62    78    51   100    79    33   118    59    52    89   146  1967 20
 130    93    83    67   107    74    61   111    58    74    76   144  1967 21
 119    91   104    78   127    82    61   106    55    91    66   103  1967 22
 150    85   129    76   127    74    73    98    35    90    79   101  1967 23
 128    78   130    81   128    99    82    86    39    98    96   100  1967 24
 115    67   146    75   171    79    94    95    53   116    97   119  1967 25
 149   110   133    55   178    65   115    97    39   134   113   151  1967 26
 104   138   120    79   194    51   143   113    46   153   122   129  1967 27
  89   159   158    78   185    65   153   112    46   167   110   113  1967 28
 106         127    83   160    54   144   122    57   145   132   132  1967 29
 114         135    71   182    66   151   112    70   117   137   112  1967 30
 112         129         175         143   138         105         127  1967 31
-------------------------------------------------------------------------------
101.4  85.6 105.0  61.9  87.2  62.3  82.4  96.7  68.5  84.2  82.6 117.2   Mean
-------------------------------------------------------------------------------
Yearly Mean = 86.3

