                    DAILY AMERICAN SUNSPOT NUMBERS 2015
======================================================================
 Jan  Feb  Mar  Apr  May  Jun  Jul  Aug  Sep  Oct  Nov  Dec     Yr Day
----------------------------------------------------------------------
   73   72   43   24   14   28   45   40   26   55   56   20   2015 01
   90   58   39   22   22   30   53   34   21   36   62   19   2015 02
   76   59   33   18   34   37   62   37   18   25   56   24   2015 03
   70   63   27   42   65   55   73   55   26   16   63   23   2015 04
   64   61   17   36   69   69   81   59   17   13   49   34   2015 05
   71   59   20   35   85   81   72   68   26   15   46   38   2015 06
   72   56   15   37   98   85   89   66   29   17   55   41   2015 07
   77   60   18   32   90   77   90   55   31   16   49   41   2015 08
   82   60   20   30   90   71   80   48   32   12   47   48   2015 09
   81   54   20   25  103   76   72   44   28   10   46   60   2015 10
   87   40   27   42  101   73   59   49   47   20   36   55   2015 11
   84   36   40   56  104   75   48   34   53   33   32   51   2015 12
   73   33   41   69  104   69   40   36   49   40   28   47   2015 13
   51   28   37   68  100   62   36   28   40   38   25   47   2015 14
   39   37   39   64   81   45   31   26   52   35   30   39   2015 15
   33   24   25   66   68   58   37   22   53   38   18   42   2015 16
   26   19   28   79   61   59   33   22   49   50   19   39   2015 17
   41   48   34   88   54   59   40   25   48   52   19   36   2015 18
   42   53   30   90   43   54   35   34   42   65   31   26   2015 19
   40   35   15   86   32   51   28   42   44   58   37   15   2015 20
   30   31   27   87   33   47   26   46   42   60   41   18   2015 21
   39   25   52   95   45   44   26   44   55   68   50   45   2015 22
   39   29   71   66   48   34   21   52   63   60   41   44   2015 23
   39   24   76   54   50   25   17   53   72   51   38   46   2015 24
   45   18   71   45   42   20   27   43   97   45   42   46   2015 25
   77   23   67   40   28   18   30   34   96   42   42   41   2015 26
   96   39   70   28   17   17   39   33  100   37   37   39   2015 27
  107   44   49   26   12   21   45   28   88   54   34   39   2015 28
  110        45    9   15   30   47   30   74   58   34   29   2015 29
  104        36   13   16   35   54   18   60   49   27   19   2015 30
   84        28        20        51   21        49        14   2015 31
----------------------------------------------------------------------
 65.9 42.4 37.4 49.1 56.3 50.2 48.0 39.5 49.3 39.3 39.7 36.3
----------------------------------------------------------------------
Yearly =   46.1
