                    DAILY AMERICAN SUNSPOT NUMBERS 2011
======================================================================
 Jan  Feb  Mar  Apr  May  Jun  Jul  Aug  Sep  Oct  Nov  Dec     Yr Day
----------------------------------------------------------------------
   34   15   40   36   39   85   41   77   80   75   77   79   2011 01
   31   12   40   40   37   84   31   61   89   75   74   87   2011 02
   28   16   49   39   41   82   29   55   85   68   73   96   2011 03
   31   17   58   38   49   73   29   66   74   78   66   99   2011 04
   27   14   72   36   42   51   23   60   67   64   74   97   2011 05
   20    5   81   41   29   45   22   58   55   62   97   81   2011 06
   25   11   90   45   28   36   24   54   39   52  105   74   2011 07
   19   27   83   50   42   27   34   44   35   46  113   84   2011 08
   21   30   64   44   52   23   29   36   48   56  108   75   2011 09
   16   17   49   40   56   19   42   22   52   62  100   69   2011 10
   17   29   47   44   33   16   50   18   63   79   89   53   2011 11
   10   42   54   54   23   11   44   14   81   88   99   43   2011 12
    3   49   50   74   28   12   38    4   91   99   95   46   2011 13
    0   57   36   84   38   29   45    0  105   99   83   48   2011 14
    4   52   29   81   41   38   52    9  107   96   88   38   2011 15
   10   49   23   65   39   37   47   26  117   98   77   44   2011 16
   15   42   19   48   31   39   59   35   94  104   73   58   2011 17
   21   54   20   43   26   34   69   35   91   94   80   63   2011 18
   16   57   21   47   24   24   66   33   85   94   73   69   2011 19
   17   41   18   44   23   23   46   38   79  118   71   65   2011 20
   22   31   17   52   25   25   44   51   67  118   84   68   2011 21
   23   24   29   52   25   30   37   60   65  107   84   64   2011 22
   23   20   26   48   17   36   26   60   55   84   85   62   2011 23
   21    9   32   41    9   43   17   43   69   84   85   58   2011 24
   20   12   54   29   14   33   16   41   73   71   90   60   2011 25
   17   23   64   40   29   14   29   57   68   66   80   64   2011 26
   10   28   75   38   43   10   45   45   67   61   74   53   2011 27
    8   31   75   38   49   19   57   41   70   66   67   62   2011 28
   12        70   43   72   24   60   34   72   57   86   67   2011 29
   15        58   46   79   34   66   60   71   70   89   58   2011 30
   14        44        74        68   77        56        55   2011 31
----------------------------------------------------------------------
 17.7 29.1 48.0 47.3 37.3 35.2 41.5 42.4 73.8 78.9 84.6 65.8
----------------------------------------------------------------------
Yearly =   50.1
