                      DAILY AMERICAN SUNSPOT NUMBERS 2001
===============================================================================
 Jan   Feb   Mar   Apr   May   Jun   Jul   Aug   Sep   Oct   Nov   Dec   Yr Day
-------------------------------------------------------------------------------
  90    76    54   189   123    66    81    73   122   184   111   173  2001 01
 106    88    62   185   127   107    87    94   126   167   120   163  2001 02
  94   102   100   182   128   108    79   111   130   147   123   175  2001 03
 109   107    98   154   140   114    82   132   130   146   132   167  2001 04
 118   112   111   136   125   113    64   146   145   127   145   174  2001 05
 130   122   101   131    94   128    48   139   171   107   147   163  2001 06
 126   125    92   118    77   146    45   140   206   100   169   164  2001 07
 116   124    82   124    62   167    62   133   208    83   189   163  2001 08
 109   128    88   125    64   185    78   111   190    80   174   146  2001 09
 105   103    98   130    66   177    74   106   176   104   174   123  2001 10
 119   100    94   127    86   194    81   131   161   124   150   113  2001 11
 125    75    96   115    92   183   101   122   170   132   143   130  2001 12
 122    84    80   116    94   178   118    95   184   117   132   137  2001 13
 115    81    85   100   107   190   106   100   168   129   132   118  2001 14
 104    79    87    79   103   206   111   118   149   136   118   134  2001 15
  88    68    80    59   103   204   122   124   135   138   109   139  2001 16
  58    66    64    36   105   184   126   113   125   149   101   133  2001 17
  66    81    72    47   101   162   126   115   151   154   109   118  2001 18
  73    84    72    73    90   153   129   110   157   170    92   101  2001 19
  66    88    92   105    85   153   111   102   193   174    83   113  2001 20
  82   102   101   131   101   166   105   125   192   169    92   148  2001 21
 106    84   102   126   131   170   108   126   206   159   112   156  2001 22
 122    72   130   126   132   174   106   124   221   164   103   162  2001 23
 129    66   173   136   128   172    94   114   211   159    77   169  2001 24
 109    62   202   139   113   153    83   107   219   174    91   178  2001 25
  99    61   235   138   125   134    64   113   201   171    86   195  2001 26
 109    53   267   133   113   113    64   125   191   155    88   198  2001 27
 103    57   273   120   106    94    61   123   193   148   131   181  2001 28
  95         245   132    86    82    47   112   186   136   146   149  2001 29
  97         247   108    72    75    55   116   183   113   148   159  2001 30
  91         228          72          60   126         108         155  2001 31
-------------------------------------------------------------------------------
102.6  87.5 126.1 120.6 101.6 148.4  86.5 117.1 173.3 139.5 124.2 151.5
-------------------------------------------------------------------------------
Yearly Mean = 123.3

