                    DAILY AMERICAN SUNSPOT NUMBERS 2012
======================================================================
 Jan  Feb  Mar  Apr  May  Jun  Jul  Aug  Sep  Oct  Nov  Dec     Yr Day
----------------------------------------------------------------------
   39   55   16   39   61   83   87   85   93 53   26   37     2012 01
   60   38   17   46   66   97   89   87   92 48   27   32     2012 02
   68   22   38   49   64   93   86  104  113 43   26   33     2012 03
   64   27   55   35   59   94   85   89   98 39   28   31     2012 04
   63   20   69   30   54   99   82   72   77 36   30   34     2012 05
   66   25   74   28   56   87   87   58   75 29   30   23     2012 06
   72   14   66   15   53   79   84   75   59 28   39   17     2012 07
   63   14   68   13   54   67   76   82   56 26   42   30     2012 08
   50   19   77    5   59   69   77   92   54 41   43   30     2012 09
   43   27   68    4   69   84   68   81   48 47   52   30     2012 10
   38   26   79   17   70   84   64   66   38 48   71   31     2012 11
   31   35   68   31   65   76   77   60   39 53   79   44     2012 12
   53   43   64   32   70   74   80   44   36 58   79   45     2012 13
   70   38   55   37   75   83   80   23   36 63   86   36     2012 14
   82   33   50   46   81   82   76   19   37 74   92   46     2012 15
   86   29   48   37   84   69   66   23   37 74   88   47     2012 16
   81   28   47   54   68   53   50   28   33 62   89   45     2012 17
   63   33   39   73   71   37   37   32   38 64   82   37     2012 18
   59   39   46   90   74   31   25   40   45 57   74   37     2012 19
   65   34   52  104   75   16   18   46   53 49   66   41     2012 20
   67   34   42   94   65   12   17   44   46 55   72   42     2012 21
   66   27   40   96   48   11   21   41   40 54   63   52     2012 22
   68   32   40   82   46   10   37   43   49 59   54   55     2012 23
   52   31   55   79   48    8   45   46   64 56   55   36     2012 24
   47   28   48   80   58   14   45   50   81 51   53   38     2012 25
   29   29   51   66   52   28   60   54   84 50   51   35     2012 26
   30   31   52   59   57   44   70   46   59 38   51   36     2012 27
   28   22   56   65   67   63   71   46   49 34   55   34     2012 28
   33   15   70   66   49   72   72   51   48 43   53   30     2012 29
   43        53   70   40   72   81   72   54 36   46   35     2012 30
   50        43        57        78   91      30        60     2012 31
----------------------------------------------------------------------
 55.8 29.2 53.1 51.4 61.8 59.7 64.2 57.7 57.7 48.3 56.7 37.4
----------------------------------------------------------------------
Yearly =   52.8
