                      DAILY AMERICAN SUNSPOT NUMBERS 1995
===============================================================================
 Jan   Feb   Mar   Apr   May   Jun   Jul   Aug   Sep   Oct   Nov   Dec   Yr Day
-------------------------------------------------------------------------------
   0    39    55    17     7     8    29    13    11     0     0    11  1995 01
   6    41    57    20     0     9    22    14     9     0     7    11  1995 02
   9    40    59    21     0    11    14    15    10     0     0    18  1995 03
  16    43    75     9     8    17    16    13    20     0     8    17  1995 04
  12    47    52     0     9    35    24    19    11     0     0    12  1995 05
  12    32    31     0     9    26    29    23     9     0     9    10  1995 06
   8    17    37     0     8    29    30    17     2     9     9     9  1995 07
  10    14    21     0     9    34    25    12     0    13    11     9  1995 08
   3    18    10     7    10    25    26     9     0    23    11    20  1995 09
   8    19     0    10    12    34    20    10     0    30    15    19  1995 10
  10    12     9    14    13    23    17    11     0    46    10    17  1995 11
  10    11    10    21    25    20    19     7    10    57    10    11  1995 12
   9    11    12    31    36    18    13     8     7    54    10    11  1995 13
  13    21    11    38    36    10    15     7     0    52    10     9  1995 14
  13    24    15    44    39     0    19    17    10    33    24     9  1995 15
  18    27    16    48    42     0    17    26     8    40    30     0  1995 16
  27    35    20    49    43     9    16    16     0    36    37     0  1995 17
  34    38    45    43    40    20    15     0     3    24    26     0  1995 18
  42    53    40    38    32    18    24     0    13    20    11     0  1995 19
  52    51    42    22    24    14    23     8    24    20    11     9  1995 20
  46    46    45    13    14    15    13     0    26    26    10    10  1995 21
  56    49    49     9     9    18     9     9    29    28    10     9  1995 22
  54    43    50     0     0    17     0    17    34    25     8     7  1995 23
  56    34    44     0     0    13     0    30    27    24     0     0  1995 24
  48    28    41     0     0    13     0    35    24    23     0     7  1995 25
  29    26    44     0     9    13     7    42    27    17     0    11  1995 26
  24    36    30     0     0    11     7    31    28    12     6    22  1995 27
  27    42    22     0     8     9     0    20    15    10    10    17  1995 28
  20          28     5    10    16     0    15     9     8    12    12  1995 29
  34          28     0     9    26     0    13     8     0    14     9  1995 30
  36          20           8          12    11           0           4  1995 31
-------------------------------------------------------------------------------
 23.9  32.0  32.8  15.3  14.8  17.0  14.9  15.1  12.5  20.3  10.6  10.0  Mean
-------------------------------------------------------------------------------
Yearly Mean = 18.2


