                      DAILY AMERICAN SUNSPOT NUMBERS 1984
===============================================================================
 Jan   Feb   Mar   Apr   May   Jun   Jul   Aug   Sep   Oct   Nov   Dec   Yr Day
-------------------------------------------------------------------------------
  16    98    76   103    97    43    34    16    39     0    11    21  1984 01
  16    80    74    94    87    46    38    14    46     0     4    23  1984 02
  18    63    63    89    73    45    61    16    68     8    10    17  1984 03
  18    62    57    75    48    35    79    22    59     1    12    19  1984 04
  17    64    62    63    30    30    73    12    47     0     5    15  1984 05
  24    77    49    65    26    24    55    22    30     0     0    19  1984 06
  22    75    48    45    34    25    66    26    18     0     0    15  1984 07
  35    84    56    23    54    20    72    29    16    12    10    18  1984 08
  47   106    54    10    71    25    66    30    12    14    13    14  1984 09
  47   117    44    14    87    28    67    33    10    16    24    15  1984 10
  44   120    56    24    96    44    58    27     2    20    21    25  1984 11
  47   115    73    26    96    39    50    30     0    13    18    31  1984 12
  44   100    88    24   111    44    43    29     0     2    13    28  1984 13
  42    77   110    35    95    55    35    23     0     4    13    26  1984 14
  38    72   114    58    87    83    31    20     0    14    10    26  1984 15
  42    46   119    62    97    83    23    17    10    18    10    29  1984 16
  49    38   105    61    78    73    15    16     0    23    10    19  1984 17
  49    46    92    71    67    52    17    13     0    24    11    11  1984 18
  53    52    88    75    67    44    19    12     1    24    17    10  1984 19
  62    57    95    64    63    45    16    15     0    20    25    11  1984 20
  65    80    96    59    73    41    16    11    10    15    27    11  1984 21
  65    95    95    49    78    52    22    12    10    12    29     7  1984 22
  65   103    84    55    82    55    27    17     8    12    36     2  1984 23
  75   114    85    76    80    56    34    28    10    10    44    13  1984 24
  99   108    96    95    73    48    28    42     1     8    49    18  1984 25
 106    93    90   107    79    52    22    52     0    12    39    24  1984 26
 102    71    87   113    71    40    12    43     0     1    40    16  1984 27
  98    73    95   126    58    41    10    37     0     0    35    14  1984 28
 108    78    97   124    63    51    14    33     0     5    28    10  1984 29
  93         109   111    58    39     9    27    10     4    17    12  1984 30
  90         117          55          11    34          13           8  1984 31
-------------------------------------------------------------------------------
 54.4  81.5  83.0  66.5  72.1  45.2  36.2  24.5  13.6   9.8  19.4  17.0   Mean
-------------------------------------------------------------------------------
Yearly Mean = 43.5

