                      DAILY AMERICAN SUNSPOT NUMBERS 1983
===============================================================================
 Jan   Feb   Mar   Apr   May   Jun   Jul   Aug   Sep   Oct   Nov   Dec   Yr Day
-------------------------------------------------------------------------------
  59    99    96    55   108    62    59   128    43    32    16    21  1983 01
  58    99    78    56   101    70    59   126    45    56    23    25  1983 02
  53    90    81    53    89    74    69   108    55    68    36    13  1983 03
  60    97    93    47    82    70    84    96    65    73    51     8  1983 04
  81    87   100    38    89    78    81    69    83    59    59    19  1983 05
 101    81    83    47    80    84    82    61    80    74    76    40  1983 06
 106    74    67    61    94   102    77    66    72    86    84    42  1983 07
 105    59    57    57    96   105    76    67    67    92    85    49  1983 08
  92    42    69    54   115    98    72    78    57   101    65    69  1983 09
  94    32    53    63   110    89    58    69    66   111    65    85  1983 10
  82    23    46    66   105    78    75    92    46   135    49    76  1983 11
  74    19    25    66   116    75    88   102    34   115    35    67  1983 12
  86     9    10    67   129    87    86   100    36    92    29    61  1983 13
  95     9    21    54   135    90    85    98    31    75    29    51  1983 14
  90    13    47    51   125    90    89    89    34    65    29    50  1983 15
  93    17    59    55    98    88    89    80    33    59    34    37  1983 16
  97    29    70    67    93    83    92    66    35    54    30    42  1983 17
  93    34    80    74    99    87   103    66    45    58    31    36  1983 18
  88    34    78    95    81   107    88    48    36    38    26    34  1983 19
  81    37    80    84   116   120   110    40    32    24     5    27  1983 20
  69    39    75    77   108   119   115    46    34    19     0    24  1983 21
  66    34    65    79   108   133   112    44    40    25     0    16  1983 22
  56    41    58    77   103   141    92    42    43    16     0    17  1983 23
  55    57    54    86   104   121   103    41    38    18     0    23  1983 24
  73    68    47   106    87   121    77    43    38    17     0    23  1983 25
  74    77    65   102    90   103    58    49    45    13     1    20  1983 26
  74    90    60   115    73   100    48    45    52    12     2     3  1983 27
  94   105    43   138    71    82    40    50    51    12    13     1  1983 28
  94          42   130    87    69    78    52    46     0    16     6  1983 29
 108          38   116    72    68    92    43    32     7    17    11  1983 30
 116          34          66         112    40          14           6  1983 31
-------------------------------------------------------------------------------
 82.8  53.4  60.5  74.5  97.7  93.1  82.2  69.2  47.4  52.3  30.2  32.3   Mean
-------------------------------------------------------------------------------
Yearly Mean = 64.7

