                      DAILY AMERICAN SUNSPOT NUMBERS 1980
===============================================================================
 Jan   Feb   Mar   Apr   May   Jun   Jul   Aug   Sep   Oct   Nov   Dec   Yr Day
-------------------------------------------------------------------------------
 119   154   132   139   139   133    96    61   196   131   192   167  1980 01
 129   162   132   131   143   124   114    73   221   116   207   173  1980 02
 131   166   119   106   157   136   107    58   223   123   212   162  1980 03
 158   164   108   106   158   145    94    48   223   108   205   124  1980 04
 174   163   118   138   176   153   107    56   189    96   196   116  1980 05
 195   187   115   156   148   139   110    78   165   112   187    95  1980 06
 198   191   114   161   134   130   101    79   142   159   199    96  1980 07
 197   161    97   161   134   138    81    94   144   179   194   101  1980 08
 189   129    72   170   140   177    92   111   124   213   175   116  1980 09
 191   130    60   172   124   178    81   124   119   233   167   131  1980 10
 218   134    59   191   132   164    83   167   134   256   145   154  1980 11
 193   112    61   187   138   171   105   163   124   255   121   173  1980 12
 178   106    61   194   141   171   134   172   116   230   106   193  1980 13
 165   125    58   169   129   134   146   184    87   229   111   211  1980 14
 167   135    51   141   132   120   167   187    79   214    94   189  1980 15
 168   132    26   144   157   115   194   196    78   185   117   207  1980 16
 130   108    33   131   170   140   215   193    79   155   111   181  1980 17
 115    96    56   120   180   150   220   200   116   143   120   184  1980 18
 109   114   105   150   207   153   223   194   147   128   126   177  1980 19
 100   102   101   157   225   182   223   187   153   142   116   171  1980 20
 109   104    93   136   221   197   220   149   146   145   110   162  1980 21
 117    89   114   103   227   196   192   133   166   156   114   174  1980 22
 114    87   144    86   225   198   176   144   168   137   112   200  1980 23
 101    98   154    88   230   205   159   113   183   127   122   197  1980 24
  92   116   170    94   236   187   145   107   171   115   134   192  1980 25
 101   144   170   125   226   165   116   107   177   125   136   177  1980 26
 112   156   163   125   215   162   120   108   181   112   155   190  1980 27
 122   155   179   142   210   151   116   123   164   141   156   213  1980 28
 128   160   166   112   188   104   115   165   151   150   170   190  1980 29
 136         160   120   166    89    95   174   133   185   188   194  1980 30
 148         153         150          70   175         186         182  1980 31
-------------------------------------------------------------------------------
145.3 133.9 107.9 138.5 172.3 153.6 136.0 133.0 150.0 160.8 149.9 167.5   Mean
-------------------------------------------------------------------------------
Yearly Mean = 149.1

