                      DAILY AMERICAN SUNSPOT NUMBERS 1979
===============================================================================
 Jan   Feb   Mar   Apr   May   Jun   Jul   Aug   Sep   Oct   Nov   Dec   Yr Day
-------------------------------------------------------------------------------
 168   110   124   125   111   105   136    95   134   206   188   106  1979 01
 178   108   123   132   104   137   152    84   119   195   164   155  1979 02
 175   142   125   134    99   162   180    90   161   175   157   193  1979 03
 158   129   127   117   115   168   200    79   160   154   165   220  1979 04
 158   111   124    85   110   189   213    79   139   155   194   194  1979 05
 170   140   130    91   119   207   189   100   137   152   241   190  1979 06
 164   149   143    78   145   204   186    99   163   178   259   171  1979 07
 191   140   145    51   144   216   171   104   159   174   275   241  1979 08
 172   140   162    55   125   202   156    97   153   193   293   222  1979 09
 180   129   145    66   120   174   137    68   165   161   292   242  1979 10
 154   135   146    91   126   174   129    79   163   160   254   223  1979 11
 143   129   141    93   156   160   134    73   152   174   210   235  1979 12
 139   129   146   115   181   132   115    64   164   203   195   237  1979 13
 170   150   155   120   185   111   111    91   172   206   206   215  1979 14
 166   154   157   106   184   102   109   109   168   192   177   170  1979 15
 174   158   139   111   173   112    88   103   165   186   175   163  1979 16
 157   178   147   119   152   124   105   104   137   196   209   152  1979 17
 123   192   130    98   133   115   116   114   160   196   194   130  1979 18
 127   184   128    76   118   113   116   164   174   214   168   142  1979 19
 161   194   124    63    82   109   148   172   166   199   143   115  1979 20
 181   190   131    60    96   108   144   203   184   186   114   111  1979 21
 219   135   143    72    99   101   141   204   208   172   121   115  1979 22
 201   113   138    68   108    93   140   190   275   164   129    97  1979 23
 204    97   112    69   102    87   146   187   276   167   137   112  1979 24
 192    88   113    79   115   107   134   195   277   169   124    93  1979 25
 160    97   108   118   104   122   135   168   261   151   135    85  1979 26
 154   102   104   125   101   111   122   169   230   131   114    94  1979 27
 157   108   111   132   101   108   124   160   244   144    78   102  1979 28
 147         131   128    89   114   118   161   217   175    80   103  1979 29
 136         139    96    77   124   138   134   238   193   105   128  1979 30
 116         117         102         122   138         204         130  1979 31
-------------------------------------------------------------------------------
164.4 136.8 132.5  95.8 121.8 136.4 140.5 125.1 184.0 178.2 176.5 157.6   Mean
-------------------------------------------------------------------------------
Yearly Mean = 145.8

