                      DAILY AMERICAN SUNSPOT NUMBERS 1981
===============================================================================
 Jan   Feb   Mar   Apr   May   Jun   Jul   Aug   Sep   Oct   Nov   Dec   Yr Day
-------------------------------------------------------------------------------
 168   127   187   173   142    64   135   131   214   203   171   185  1981 01
 123   126   197   177   160    57   126   120   180   193   223   187  1981 02
 129   125   179   151   187    46   133   134   169   200   225   198  1981 03
 109   132   174   164   169    54   130   123   177   179   261   208  1981 04
  86   144   167   171   186    58   100   119   197   187   205   213  1981 05
  80   167   150   142   204    57    68   114   227   165   196   230  1981 06
 100   164   133   167   192    64    66   120   225   141   191   235  1981 07
 126   138   153   202   203    54    49   134   224   169   165   247  1981 08
 126   134   153   220   171    59    63   138   210   174   153   250  1981 09
 130   159   152   222   164    63   101   144   201   143   158   266  1981 10
 124   174   146   228   169    65   147   134   176   130   159   232  1981 11
 124   167   139   218   183    91   162   134   156   148   161   214  1981 12
 116   150   135   203   172    94   168   151   149   180   161   190  1981 13
 111   141   144   196   165   105   161   140   164   190   179   153  1981 14
  98   130   132   223   160   134   168   149   151   204   154   111  1981 15
  89   133   135   214   150   126   173   119   138   215   125    66  1981 16
  83   132   127   243   133   118   183   125   131   205   107    76  1981 17
  83   135    95   225   124   120   178   152   148   209   104    78  1981 18
 101   133   102   239   105    86   175   185   151   170    90    71  1981 19
 102   156   128   208    79    77   162   208   134   170    80    50  1981 20
 103   129   143   151    90    93   130   235   159   145    71    64  1981 21
 107   134   155   119   116   126   146   229   153   132    71    77  1981 22
 115   117   150   101   103   121   176   217   146   124    61    77  1981 23
 114   136   143   104   107   110   211   224   140   107    60    67  1981 24
 104   147   147   124   116   146   242   203   148   100    56    79  1981 25
 111   147   149   103   123   148   237   241   162    93    64    94  1981 26
 134   181   150    83   120   147   239   248   201    73    96   104  1981 27
 148   165   157    80   110   156   232   222   215    94   123   129  1981 28
 152         180   108    98   161   185   219   185   133   141   120  1981 29
 153         171   118    94   170   175   258   203   144   153   108  1981 30
 129         151          85         161   213         148         115  1981 31
-------------------------------------------------------------------------------
115.4 143.7 149.2 169.2 141.3  99.0 154.3 170.4 174.5 157.0 138.8 145.0   Mean
-------------------------------------------------------------------------------
Yearly Mean = 146.5

