                      DAILY AMERICAN SUNSPOT NUMBERS 2008
===============================================================================
 Jan   Feb   Mar   Apr   May   Jun   Jul   Aug   Sep   Oct   Nov   Dec   Yr Day
-------------------------------------------------------------------------------
   5	10     0    18     1	 0     0     0	   0	 0     4     0   2008 01
   8	 4     0    11     0	 0     0     0	   0	 0    11     0   2008 02
   7	 7     3     9     0	 0     0     0	   0	 0    11     0   2008 03
   7	 3     1     3     5	 0     0     0	   0	 2    10     0   2008 04
   5	 1     1     0     3	 2     0     0	   0	 0     7     0   2008 05
   2	 0     4     0     0	 0     0     0	   0	 0     4     0   2008 06
   2	 0     0     0     0	 0     0     0	   0	 0     1     0   2008 07
   3	 0     0     0     0	 0     0     0	   0	 0     0     0   2008 08
   1	 2     0     0     0	 2     0     0	   0	 0     0     0   2008 09
   4	 1     4     0     0	 9     0     0	   0	 1     3     6   2008 10
   5	 0     1     0     0	 8     0     0	   1	 8    13     7   2008 11
   1	 0     0     0     0	 8     0     0	   0	11    14     4   2008 12
   0	 0     0     1     2	 3     0     0	   0	10    10     0   2008 13
   0	 0     0     3     0	 0     0     0	   0	 9     7     0   2008 14
   0	 0     4     0     7	 2     0     0	   0	10     6     0   2008 15
   0	 0     3     0    12	 7     0     0	   0	 9     5     0   2008 16
   0	 0     2     0    11	 8     0     0	   0	 4     1     0   2008 17
   0	 0     1     0    12	 8     6     0	   0	 0     0     0   2008 18
   0	 0     0     1    15	 8     7     0	   0	 0     0     0   2008 19
   0	 0     0     0     6	 9     1     0	   0	 0     1     0   2008 20
   0	 0     0     0     2	 8     0     2	   0	 1     0     0   2008 21
   0	 0     0     8     0	 7     0     2	   8	 0     0     0   2008 22
   0	 0     5     9     0	 1     0     0	   5	 0     0     0   2008 23
   0	 0    25     2     0	 0     0     0	   0	 0     0     0   2008 24
   0	 5    38     0     1	 0     0     0	   0	 0     0     0   2008 25
   0	 8    42     0     0	 0     0     0	   0	 0     0     0   2008 26
   0	 5    39     0     0	 0     0     0	   0	 0     0     0   2008 27
   0	 0    37     0     0	 0     0     0	   0	 0     0     0   2008 28
   1	 0    36     0     0	 0     0     0	   1	 0     0     0   2008 29
  10	      33     0	   0	 0     0     0	   1	 0     0     0   2008 30
  11	      24	   0	       0     0		 8           0   2008 31
--------------------------------------------------------------------------------
   2.3   1.6   9.8   2.2   2.5   3.0   0.4   0.2   0.5   2.4   3.6   0.5
--------------------------------------------------------------------------------
Yearly Mean = 2.4









