                      DAILY AMERICAN SUNSPOT NUMBERS 1957
===============================================================================
 Jan   Feb   Mar   Apr   May   Jun   Jul   Aug   Sep   Oct   Nov   Dec   Yr Day
-------------------------------------------------------------------------------
 157    68   144   113   124   144   181   102   244   219   241   206  1957 01
 137    58   158   127   125   168   166   126   198   245   234   206  1957 02
 169    70   120   132   119   173   198   132   163   225   198   203  1957 03
 198   106   121   132    85   168   199   126   169   223   243   264  1957 04
 194    84    92   150   106   175   206   116   165   221   200   209  1957 05
 209   102   111   136   106   167   197   142   113   196   202   251  1957 06
 153   104   137   137   117   134   153   125   112   226   167   192  1957 07
 145   126   114   164   134   146   144   126   165   257   170   167  1957 08
 124   150   141   160   156   153   129   114   186   216   214   151  1957 09
  99   119   177   143   151   140   119    90   197   201   229   121  1957 10
 102    98   170   117   156   144    98    97   234   219   208   124  1957 11
 118   108   191   117   190   165    76    95   232   245   199   116  1957 12
 110   103   178    97   161   175   106   109   226   245   199   125  1957 13
  85   114   145    93   205   155   113   133   250   190   191   151  1957 14
  66   143   112   124   179   200   141   163   256   207   176   169  1957 15
  54   136   114   190   197   198   148   173   219   212   164   205  1957 16
  81   121   124   187   159   221   175   175   214   186   150   194  1957 17
 138   121   123   193   182   265   186   175   220   161   148   213  1957 18
 151    99   126   180   172   229   189   173   223   191   157   257  1957 19
 142    92   128   198   187   233   211   125   223   194   165   288  1957 20
 138    97   108   188   173   221   220   112   232   203   188   323  1957 21
 144   123   132   195   172   222   252    95   279   228   235   342  1957 22
 123    98   139   226   174   212   227    86   220   223   226   295  1957 23
 138   116   122   229   185   208   189    99   225   263   190   312  1957 24
 155   116   102   209   126   192   171   145   219   259   163   375  1957 25
 151   102   112   183   116   169   166   144   181   265   132   307  1957 26
 125   106   149   198   137   158   155   167   191   277   173   292  1957 27
 115   121   143   188   146   150   138   191   222   276   196   292  1957 28
  96         135   180   163   172   110   210   211   283   180   246  1957 29
  88         139   151   159   192   112   236   246   317   201   238  1957 30
  98         132         134          97   228         234         231  1957 31
-------------------------------------------------------------------------------
129.1 107.2 133.5 161.2 151.5 181.6 160.4 139.7 207.2 229.2 191.3 227.9   Mean
-------------------------------------------------------------------------------
Yearly Mean = 168.3

