                      DAILY AMERICAN SUNSPOT NUMBERS 1976
===============================================================================
 Jan   Feb   Mar   Apr   May   Jun   Jul   Aug   Sep   Oct   Nov   Dec   Yr Day
-------------------------------------------------------------------------------
   2     0     0    18    30     0     9     7    21    31     0     0  1976 01
   0     0     0    18    25     0     9    12    22    32     0     0  1976 02
   0     0     0    17    23     0     6    13    13    31     0     0  1976 03
   0     0     0    13     4     0    10    12    10    30     0     0  1976 04
   0     0     0    10     8     0     2    14    29    24     0     0  1976 05
   0     0    10     8     7     0     2    12    15    26     0     0  1976 06
   0     1    11     0     8     0     4    14    10    23     0     2  1976 07
   0     0     3     0    10     9     0    18     9     1     0    19  1976 08
   0     0    10     5     9    10     0    18    17     3     0    20  1976 09
   0     2    12    10    10     9     0    21     9     0     0    19  1976 10
   3     0    14    13    20     6     0    22     6     0     0    19  1976 11
  22     4    13    22    21     4     0    22    18    10     0    18  1976 12
  33    14    16    20    20     4     0    19    17    13     0    14  1976 13
  34    15    20    16    27    14     0    12    10    25     0    30  1976 14
  25    16    15    15    15    17     0     5    11    26     0    36  1976 15
  26    10    13    15    15    16     0    14    10    27     0    29  1976 16
  20     9    34    17    20    21     0    19     9    29     9    31  1976 17
  17    15    44    23     8    22     0    21     9    21    21    22  1976 18
  16     6    44    24    16    20     0    25     7    18    10    19  1976 19
  14     9    44    27    17    23     0    20     0    18    11     9  1976 20
  12     4    42    30    10    27     0    14     0    13    10    10  1976 21
  10     4    33    19     8    24     0    10     0    14    12    11  1976 22
  10     0    25    15     8    21     0    10     1    23    10     9  1976 23
   2     1    23    15     7    15     0    13     1    28     9    17  1976 24
   0     0    20    22     0    13     0    10    12    32    10    24  1976 25
   0     0    37    25     2    16     0     8    19    28    10    29  1976 26
   3     1    45    18     0     8     0     3    20    22     8    19  1976 27
   1     0    36    20     0    11     0     6    20    19     9    19  1976 28
   2     0    34    21     0     9     0     9    20    13     9    20  1976 29
   4          30    30     0     9     0    10    26     5     0    22  1976 30
   1          26           0           1    11           0          15  1976 31
-------------------------------------------------------------------------------
  8.3   3.8  21.1  16.9  11.2  10.9   1.4  13.7  12.8  19.1   4.3  15.5   Mean
-------------------------------------------------------------------------------
Yearly Mean = 11.6

