                      DAILY AMERICAN SUNSPOT NUMBERS 2000
===============================================================================
 Jan   Feb   Mar   Apr   May   Jun   Jul   Aug   Sep   Oct   Nov   Dec   Yr Day
-------------------------------------------------------------------------------
  64    70   145   229    89    91   145   107   138   119   144   106  2000 01                
  61    77   134   200    81    88   146   107   126   151   135   101  2000 02                
  66    89   119   188    80    84   124   107   119   165   147    95  2000 03                
  86   106   117   169    67    89   113   108   127   150   146    72  2000 04                
  74   100   133   141    44   109   128   144   115   119   138    60  2000 05                
  76   120   146   120    32   125   153   159   120   101   121    52  2000 06                
  85   125   157   108    49   124   166   162   116    81   137    68  2000 07                
  75   103   160   105    67   140   181   144   100    72   122    57  2000 08                
  78   107   146   103    91   131   203   122    62    57    98    58  2000 09                
  66   124   145   101   117   129   221   138    53    64   107    54  2000 10                
  99   123   141   104   127   160   205   148    16    92    93    73  2000 11                
 138   111   132   118   139   173   199   160    49   142    72    79  2000 12                
 149   119   117   131   158   188   199   166    68   122    78   111  2000 13                
 149   113   109   111   178   189   178   181    85    98    93   136  2000 14                
 167   112   112   116   185   177   159   167    99    90    97   162  2000 15                
 138   119   112   121   177   164   186   154   101    93    94   142  2000 16                
 127   110    95   109   147   157   218   141   132    98   103   136  2000 17                
 129   104   129    95   144   165   236   131   130    93   130   117  2000 18                
 121    89   155   107   160   165   259   118   132    89   133   113  2000 19                
 108    82   160   130   165   169   258   103   157   106   115   118  2000 20                
  97    83   151   152   165   140   243    75   139    97   116   117  2000 21                
 101   102   178   162   151   144   234    68   146    90   110   111  2000 22                
  83    95   205   177   140   147   207    67   159    90   101   102  2000 23                
  81   127   215   183   128   142   183    74   169    88    97   106  2000 24                
  83   144   184   156   110   135   172    84   157    89    76   106  2000 25                
  73   164   183   133   112   142   139    87   154    89    76   115  2000 26                
  72   152   171   123   111   141   132   112   155    84   103   124  2000 27                
  63   152   159   133   106   127   115   144   135   103   121   117  2000 28                
  67   181   151   113   115   127   113   146   127   114   125   119  2000 29                
  60         173   107    85   133   110   147   107   101   133   118  2000 30                
  64         174          68          98   157         113          93  2000 31                
-------------------------------------------------------------------------------
 93.6 113.8 148.6 134.9 115.7 139.8 175.0 126.8 116.5 102.0 112.0 101.2 
-------------------------------------------------------------------------------
Yearly Mean = 123.3

