                    DAILY AMERICAN SUNSPOT NUMBERS 2013
======================================================================
 Jan  Feb  Mar  Apr  May  Jun  Jul  Aug  Sep  Oct  Nov  Dec     Yr Day
----------------------------------------------------------------------
   65   39   49   56   82   41   54   66   50   32   71   72   2013 01
   59   45   57   69   69   49   72   74   59   42   71   82   2013 02
   81   47   54   67   68   43   71   68   50   56   81   73   2013 03
  108   28   57   65   77   37   71   54   54   52   86   72   2013 04
  114   27   49   67   71   55   78   48   41   39   85   66   2013 05
  110   30   48   76   71   48   88   44   32   34   96   62   2013 06
  107   39   43   81   77   28   91   53   23   51  100   57   2013 07
  101   37   42   81   80   20   80   55   12   60   88   64   2013 08
  100   33   51   89   75   22   70   42    9   73   69   91   2013 09
  105   31   58   82   81   16   53   47   16   74   68  116   2013 10
  110   36   70   85   87   12   50   53   31   75   77  103   2013 11
   96   34   77   79   96   19   43   64   30   76   90   91   2013 12
   83   25   79   77  107   34   24   62   20   87   99   91   2013 13
   80   19   83   72  106   45   43   73   11   80  102   88   2013 14
   72   22   75   61  109   63   49   79    9   80  122   76   2013 15
   52   26   75   65  126   70   47   66   16   73  120   68   2013 16
   40   53   76   63  116   76   50   64   30   89  112   81   2013 17
   34   62   71   52   89   78   61   69   39  101   89   94   2013 18
   35   72   45   56   84   82   53   86   44   88   67   86   2013 19
   31   63   31   59   74   91   43   91   51   75   56   93   2013 20
   26   50   34   61   78   90   39   96   50   86   48   90   2013 21
   35   44   35   54   81   90   34   92   52   78   42   72   2013 22
   44   22   30   54   65   78   50   81   44   84   34   69   2013 23
   36   23   26   67   69   72   50   54   44   88   44   66   2013 24
   34   32   24   74   70   47   55   34   40   79   26   56   2013 25
   41   35   19   72   62   38   48   34   38   93   27   69   2013 26
   40   39   20   75   60   42   48   38   38   95   52   73   2013 27
   40   45   34   72   51   51   52   36   37  101   68   73   2013 28
   32        46   94   47   45   69   39   33   96   58   74   2013 29
   34        51   92   39   48   63   46   34   89   69   67   2013 30
   32        60        31        67   52        83        77   2013 31
----------------------------------------------------------------------
 63.8 37.8 50.6 70.6 77.4 51.0 57.0 60.0 34.6 74.5 73.9 77.8
----------------------------------------------------------------------
Yearly =   60.7
