                      DAILY AMERICAN SUNSPOT NUMBERS 2004
===============================================================================
 Jan   Feb   Mar   Apr   May   Jun   Jul   Aug   Sep   Oct   Nov   Dec   Yr Day
-------------------------------------------------------------------------------
  36    50    43    53    40    37    19    31    12    21    79    34  2004 01
  46    68    32    49    33    34    22    34    12    19    81    33  2004 02
  51    69    26    46    40    36    23    37    21    30    70    31  2004 03
  48    68    27    55    37    32    18    32    26    29    60    29  2004 04
  46    69    42    53    30    30    14    30    39    23    61    31  2004 05
  43    51    42    39    24    23    16    40    40    21    71    21  2004 06
  55    47    38    34    20    31    11    49    51    22    68    10  2004 07
  46    57    36    23    21    27    16    47    52    13    62    15  2004 08
  48    57    38    17    28    31    28    61    60     6    55     8  2004 09
  41    53    36    14    31    26    46    67    55     1    35    13  2004 10
  34    49    38    15    32    23    53    72    47     1    36    18  2004 11
  32    50    49    25    43    20    74    81    49    11    43    20  2004 12
  39    47    44    32    45    29    96    86    49    18    47    17  2004 13
  36    41    39    39    62    35    95    84    43    16    53    14  2004 14
  45    49    34    33    70    50    81    71    46    16    45     5  2004 15
  52    37    36    33    82    66    73    68    43    26    45    11  2004 16
  47    24    54    48    79    63    88    52    44    46    43    27  2004 17
  48    21    52    56    73    70    99    47    39    56    36    19  2004 18
  62    22    60    59    70    73   106    47    34    64    33    14  2004 19
  60    25    57    59    63    91   103    61    31    70    35    14  2004 20
  62    33    51    58    57    89    93    69    26    71    28    20  2004 21
  54    38    57    53    54    72    91    75    19    83    31    23  2004 22
  46    57    64    36    65    57    85    59    15    87    30    23  2004 23
  40    53    63    36    74    46    80    45    11   101    39    22  2004 24
  17    58    85    33    65    34    68    36    15    99    38    13  2004 25
   6    63    98    32    48    27    66    29    17   100    40    13  2004 26
   0    72    84    28    38    25    56    28    16   104    40    12  2004 27
   4    66    75    23    33    29    33    27    12   100    32    17  2004 28
  16    55    64    22    36    27    24    16    28    93    32    13  2004 29
  25          54    33    41    22    26    17    32    97    35    18  2004 30
  41          56          38          26     7          97          25  2004 31
-------------------------------------------------------------------------------
 39.4  50.0  50.8  37.9  47.4  41.9  55.9   48.5  32.8  49.7  46.7  18.9
-------------------------------------------------------------------------------
Yearly Mean = 43.3

