                      DAILY AMERICAN SUNSPOT NUMBERS 2002
===============================================================================
 Jan   Feb   Mar   Apr   May   Jun   Jul   Aug   Sep   Oct   Nov   Dec   Yr Day
-------------------------------------------------------------------------------
 136   128   94   130   122   118    63   147    139    64   123    75  2002 01
 145   143   75   124   131   125    68   128    153    73   122    74  2002 02
 147   170   96   128   158   132    89   123    165    63   119    77  2002 03
 147   165  100   117   184   145    93    96    162    75   114    76  2002 04
 119   159   88   130   171   126    94    88    158    91   128    83  2002 05
  92   128   97   140   162   131    77    98    136    88   143    90  2002 06
  76   109   89   147   171   137    62    96    135    96   140    89  2002 07
 105   113   75   149   153   119    70    69    136   102   132   102  2002 08
 121   118   69   152   129   112    67    70    134   107   134   109  2002 09
 126   117   72   152   131    90    63    82    132   126   130    98  2002 10
 142   125   83   163   139    71    63   104    135   131   112    66  2002 11
 141   115   84   162   131    70    60   136    133   131   100    73  2002 12
 144   114   94   159   101    54    71   138    118   125    91    82  2002 13
 135    98   86   152    81    62    84   180    111   122   114   124  2002 14
 111    95   92   139    85    67    95   191    115   126   109   136  2002 15
  85    85   93   117    83    72   109   175    118   127   110   142  2002 16
  87    90   90   106    88    63   109   182    134   125    98   156  2002 17
  92    80   88   116   100    88   101   171    141   128    85   152  2002 18
 104    79   77   111   103    82    95   158    140   127    83   148  2002 19
 118    91   93   104   117    67    83   133    128   123    88   151  2002 20
 132    81  105    99   138    48    88   120    114   102    81   128  2002 21
 134    86  101   102   150    60   108   117    134    93    81   110  2002 22
 128    95  112   125   142    63   128   117    133    82    82    86  2002 23
 114   115  118   162   142    74   146   104    122    78    74    61  2002 24
 102   143  108   146   139    79   148    93    117    80    57    40  2002 25
 115   126  106   110   137    79   182    84    102    95    51    33  2002 26
 120   115  116    88   128    67   198    76    106    99    70    33  2002 27
 126   109  106    77   127    63   192    79     87    94    61    27  2002 28
 122        116    79   119    70   199    82     77   110    61    36  2002 29
 122        115    89   116    66   190   102     70   114    71    29  2002 30
 129        135         123         160   111          107          35  2002 31
-------------------------------------------------------------------------------
120.0 114.0  96.0 125.8 129.1  86.7 108.2 117.7 126.2 103.5  98.7  87.7
-------------------------------------------------------------------------------
Yearly Mean =

