                      DAILY AMERICAN SUNSPOT NUMBERS 1986
===============================================================================
 Jan   Feb   Mar   Apr   May   Jun   Jul   Aug   Sep   Oct   Nov   Dec   Yr Day
-------------------------------------------------------------------------------
   0    18    14     0    13     9     0    14     9    11    48     0  1986 01
   0    33    30     0    23     0     0    12     9    12    38     0  1986 02
   0    56    26     7    13     0    10    15     9    12    34     0  1986 03
   0    59    29     0     8     0    15    12     8    12    35     0  1986 04
   0    52    28     0     0     0    19    11     0    10    34     0  1986 05
   0    48    30     0     0     0    29    10    11    14    29     0  1986 06
   0    50    28     0     0     0    30    10    13    14    28     0  1986 07
   0    53    24     0     0     8    28    10    11    12    11     0  1986 08
   0    49    19     0     0     0    18     0     9    13     7    11  1986 09
   0    38    14     7     0     0    30     0     7    11    10    29  1986 10
   0    36    11     9     0     0    33     0     0    11    11    21  1986 11
   0    26    11    10     0     0    37     0     0     9     0    18  1986 12
  15    22     7    10     0     0    21     0     0     0     0    19  1986 13
  16    17     0    19     9     0    19     0     0     0    10     0  1986 14
  11    10     0    15     8     0    28     0     0     0     9     0  1986 15
   7     1     0    10    10     0    27     9     0     7    11     0  1986 16
   0     0     0    10    14     0    32     0     0    15    11     0  1986 17
   0     0     0    11    19     0    15     0     0    15    12     0  1986 18
   0     0     0    10    22     0    10     0     0    16    12     0  1986 19
   0    10     9    16    23     8    19    10     0    21    11     0  1986 20
   0    11    10    15    19     0    21    13     0    20    11    12  1986 21
   0    10     9    21    21     0    25    12     0    32     8    17  1986 22
   0    11    19    41    24     0    12    19     0    28    15    12  1986 23
   0     9    17    37    24     0     0     9     0    42    10     9  1986 24
   0    10     8    35    22     0     0    10     0    39    10     0  1986 25
   0    12     8    40    21     0     0    10     0    36     0     0  1986 26
   0    15     8    32    14     0    11    10     0    49    15     0  1986 27
   0    11    11    23    18     0    12    10     0    49     0     0  1986 28
   0          10    22    15     0    15    10     8    43     9     0  1986 29
  10           8    14     9     0    17    10    10    34     0     0  1986 30
  12           0          11          17    10          28          10  1986 31
-------------------------------------------------------------------------------
  2.3  23.8  12.5  13.8  11.6   0.8  17.7   7.6   3.5  19.8  14.7   5.1   Mean
-------------------------------------------------------------------------------
Yearly Mean = 11.0

