                      DAILY AMERICAN SUNSPOT NUMBERS 1994
===============================================================================
 Jan   Feb   Mar   Apr   May   Jun   Jul   Aug   Sep   Oct   Nov   Dec   Yr Day
-------------------------------------------------------------------------------
  89    33    49    16    35     0    34    12    42    17    48    10  1994 01
  79    40    59     5    37     0    41    12    50    18    43     8  1994 02
  91    43    76     0    25     0    34    14    58    19    40     2  1994 03
 101    48    58     2    14     0    34    15    58    29    30    11  1994 04
 104    47    59     6    11     0    28    17    63    41    34    14  1994 05
  98    44    71     3    18     7    31    17    60    54    26    12  1994 06
  94    49    58     0    18    22    57    13    56    48    18    21  1994 07
  80    54    48     8    21    43    58    14    49    43    20    25  1994 08
  67    48    44     8    14    44    49    14    45    50    23    38  1994 09
  51    38    36    10    18    50    61    17    31    52    24    40  1994 10
  41    32    40    11    21    56    67    22    15    49    14    51  1994 11
  43    39    48    11    28    53    72    39    10    44    15    52  1994 12
  45    49    42    13    36    46    58    47    10    44     7    40  1994 13
  38    44    22    15    37    58    55    42    10    60     6    34  1994 14
  36    36    26    20    30    54    35    42     9    56     0    29  1994 15
  32    41    26    15    36    51    46    45     9    52    10    23  1994 16
  26    45    24    18    38    42    47    42    13    44    19    34  1994 17
  30    43    19    17    35    36    43    38    22    51    18    33  1994 18
  31    33    10    23    31    32    26    44    15    60    12    26  1994 19
  37    21    11    29    28    16    25    29     0    51     8    17  1994 20
  54    17    19    34    26    12    24    16     0    38     9    21  1994 21
  66    40    29    40    23    16    15    11    10    33     9    26  1994 22
  72    41    25    38    18    24    14    19    13    28     9    26  1994 23
  74    40    34    40     9    34    15    18    14    17     9    28  1994 24
  74    37    44    34     8    25    11    13    20    25    17    36  1994 25
  68    37    28    33     1    14    13    13    26    50    22    37  1994 26
  53    46    22    35     0    12    11    11    28    56    21    28  1994 27
  49    47    19    21     0    14    12    13    22    56    21    19  1994 28
  54          19    10     0    23     7    17    12    57    14    17  1994 29
  42          31    17     0    27    12    26    18    56    12     9  1994 30
  33          35           0          12    38          56           0  1994 31
-------------------------------------------------------------------------------
  59.7  40.4  36.5  17.7  19.9  27.0  33.8  23.5  26.3  43.7  18.6  24.7 Mean
-------------------------------------------------------------------------------
Yearly Mean = 31.0

