                      DAILY AMERICAN SUNSPOT NUMBERS 1945
===============================================================================
 Jan   Feb   Mar   Apr   May   Jun   Jul   Aug   Sep   Oct   Nov   Dec   Yr Day
-------------------------------------------------------------------------------
  10     4    16    48    50    16    10    19    36    80    65    35  1945 01
   0     9    28    47    53    13     0    20    28    76    40    28  1945 02
   1    22    21    50    41    14     3    25    29    78    37    29  1945 03
   2    21    22    43    39    14     8    24    15    70    39    37  1945 04
  11    16    19    40    31    21    12    24    32    67    36    32  1945 05
  17    15    14    36    40    27    15    27    36    79    46    28  1945 06
  26     8    13    24    37    22    16    31    44    95    30    29  1945 07
  20     4    16    12    33    14    20    26    40    79    27    21  1945 08
  19     3    19    11    16    17    33    34    44    69    23    18  1945 09
  18     0    20     0    11    28    40    43    34    49    24    23  1945 10
  27     0    20     0     2    39    49    39    17    36    45    23  1945 11
  29     0    18    34     1    50    73    41    15    32    57    26  1945 12
  29     6    14     7     0    67    86    55    12    53    66    39  1945 13
  26    14    11    10    13    60    83    65     5    36    74    42  1945 14
  24    16     0     9    29    58    78    56     2    44    65    31  1945 15
  20    14     2    16    37    58    70    43     6    47    55    38  1945 16
  14    13     2    19    39    60    69    36     8    60    66    40  1945 17
  28    18     2    30    36    58    80    37     5    86    58    38  1945 18
  20    23     4    30    29    67    81    28    17   103    46    27  1945 19
  23    15     6    34    27    74    54    10    16    90    33    25  1945 20
  30     1     8    36    21    61    41     1    29    85    37    26  1945 21
  31     0    16    34    17    58    33     2    55    78    35    26  1945 22
  25    20    16    32    27    57    29     4    68    61    57    20  1945 23
  18    14    16    40    28    42    27     6    64    70    64    24  1945 24
  10    20    19    47    33    23    26     2    61    69    52    29  1945 25
  11    16    30    53    27    20    26     2    53    72    47    26  1945 26
  23    20    39    56    19    22    24     0    42    97    46    24  1945 27
  23    18    46    51    12    22    23    12    57   114    49    21  1945 28
  16          51    44    23    21    19    16    64    90    30    16  1945 29
  17          53    56    24    15    16    14    86    74    37    20  1945 30
   7          49          30          14    21          71          39  1945 31
-------------------------------------------------------------------------------
 18.5  11.8  19.7  31.6  26.6  37.3  37.4  24.6  34.0  71.3  46.3  28.4   Mean
-------------------------------------------------------------------------------
Yearly Mean = 32.3

