                      DAILY AMERICAN SUNSPOT NUMBERS 1972
===============================================================================
 Jan   Feb   Mar   Apr   May   Jun   Jul   Aug   Sep   Oct   Nov   Dec   Yr Day
-------------------------------------------------------------------------------
  47    49    82    40    22    75    69    91   119    73    79    32  1972 01
  51    48    80    42    38    86    73    79   100    77    62    30  1972 02
  54    40    82    35    19   100    91    83    87    90    39    27  1972 03
  54    49    77    39    27   121    94    98    73    69    25    19  1972 04
  56    51    70    36    44   130    81    87    80    82    26    14  1972 05
  44    41    67    67    71   115   103    67    80    62    13    21  1972 06
  50    41    84    69    70    99    86    56    74    40     8    27  1972 07
  40    47    91    80    60    90    87    53    70    42     5    31  1972 08
  31    42    93    79    88    79    68    52    54    32    14    41  1972 09
  27    51    91    80    90    65    65    34    44    28    13    47  1972 10
  32    58    81    73    87    41    61    26    43    37    29    65  1972 11
  39    61    95    83    98    38    78    43    33    21    32    69  1972 12
  35    67   104    69   127    45    87    42    34     8    29    73  1972 13
  44    86   110    64   138    56    72    35    47     7    24    71  1972 14
  42   111   111    75   127    96    41    46    59    22    21    53  1972 15
  45   130    99    73   128    95    44    48    59    36    22    61  1972 16
  52   154   111    61   123    96    53    53    45    36    27    59  1972 17
  62   152   107    60   126    84    57    50    36    39    26    42  1972 18
  54   160    95    60   119    80    72    48    28    49    38    46  1972 19
  72   160   100    50    95    88    59    52    57    48    63    52  1972 20
  77   145    90    76    70    98    66    72    58    78    69    80  1972 21
  91   146    88    80    64    97    62    90    66    87    68    44  1972 22
 110   129   114    78    47    84    53    79    67    88    82    47  1972 23
 118   106   102    90    55    80    42    77    78   100    70    40  1972 24
 104    98    75    95    59    74    67    70    93   103    52    43  1972 25
  87    81    43    74    56    71    92    71    88   104    57    37  1972 26
  82    67    28    58    40    63    84    94    81   102    55    32  1972 27
  94    68    27    53    46    69    88   131    69   105    48    21  1972 28
  77    87    31    29    68    70    93   162    83    92    41    19  1972 29
  63          39    14    80    66   103   157    81   106    45    29  1972 30
  54          38          65         117   143          91          39  1972 31
-------------------------------------------------------------------------------
 60.9  87.0  80.8  62.7  75.7  81.7  74.5  73.8  66.2  63.0  39.4  42.3   Mean
-------------------------------------------------------------------------------
Yearly Mean = 67.3

