                      DAILY AMERICAN SUNSPOT NUMBERS 2007
===============================================================================
 Jan   Feb   Mar   Apr   May   Jun   Jul   Aug   Sep   Oct   Nov   Dec   Yr Day
-------------------------------------------------------------------------------
  25	25     9     4	  23	20    16     0 	  16     3     0     6  2007 01
  29	26    11     1	  23	28    11     0 	  11     1     0     4  2007 02
  30	23     8     1	  15	35    10     2 	   8     0     0     5  2007 03
  30	19     9     0	  13	33    10     7 	   7     0     0     9  2007 04
  32	17    13     0	  12	38    10     8 	   7     2     0     9  2007 05
  28	17     6     0	  10	36     9    10	   2    10     2    15  2007 06
  28	17     2     0	  9 	40     8     9 	   0    10     1    17  2007 07
  32	 9     0     0	  7 	29    10    12	   0     1     0    26  2007 08
  31	 9     0     0	  12	14    15    11	   0     0     0    31  2007 09
  30	 6     0     0	  15	11    19    10	   0     0     0    26  2007 10
  25	 0     8     0	  16	10    18     8 	   0     0     0    30  2007 11
  20	 0     5     0	  16     9    19     5 	   0     0     0    29  2007 12
  19	 0     1     1	  14	 8    28     4 	   0     0     0    32  2007 13
  15	 0     0     0	  21	 1    27     1 	   0     0     0    32  2007 14
  12	 0     0     0	  19	 0    26     1 	   0     0     0    23  2007 15
  11	 2     0     0	  23	 0    20     0 	   0     0     7    20  2007 16
  10	 8     0     2	  25     0    12     0 	   0     1     2    11  2007 17
  15	12     0     0	  26     0    10     0 	   0     0     1     2  2007 18
  11	18     1     0	  22     0     7     0 	   0     0     0     0  2007 19
  13	14     0     0	  15     0     0     0 	   0     0     0     0  2007 20
  14	11     1     0	  12     0     0     7 	   0     0     0     0  2007 21
  14	13     0     0	  10     0     0     9 	   0     0     0     0  2007 22
  13	10     6     0	  10     0     0     9 	   0     0     2     0  2007 23
  13	 8     4     0	   2   	 0     0    10	   0     0     7     0  2007 24
   3 	10     1     9	   0   	 7     0    10	   0     0     3     1  2007 25
   6 	16     8    12	   0 	 8     0    10	   0     0     3     0  2007 26
   9 	14     3    13	   1 	 9     0     9 	   2     0     0     0  2007 27
  13	10     6    18	   2 	12     9    10	  11     0     0     0  2007 28
  24	       6    23	   7 	18     9     9 	  10     0     0     0  2007 29
  22	       6    23	   6 	19     9    14	  11     0     1     0  2007 30
  26	       2	   1 	       1    17	         0           0  2007 31
-------------------------------------------------------------------------------
  19.5  11.2   3.7   3.6  12.5  12.8  10.1   6.5   2.8   0.9   1.0  10.6
-------------------------------------------------------------------------------
Yearly Mean =









