                    DAILY AMERICAN SUNSPOT NUMBERS 2016
======================================================================
 Jan  Feb  Mar  Apr  May  Jun  Jul  Aug  Sep  Oct  Nov  Dec     Yr Day
----------------------------------------------------------------------
   20   29   37   10   60   20    0    4   46    0    9   43   2016 01
   24   39   41   10   49   10    0    4   41    4    1   42   2016 02
   34   64   46   18   46    0    2    1   36   25   13   32   2016 03
   31   77   60   22   45    0    1   12   24   31   13   23   2016 04
   22   59   46   20   39    0    3   27   19   31   15   22   2016 05
   20   47   46   14   31    0    5   28   27   41   11   20   2016 06
   37   61   35   16   23    6   17   39   34   42    6   14   2016 07
   52   62   38   18   26   12   26   50   38   44    0   11   2016 08
   59   54   48   18   36   15   35   49   47   46    6    5   2016 09
   45   54   43   23   51   24   33   51   52   44   13    0   2016 10
   28   53   25   30   57   32   48   52   44   39   17    3   2016 11
   26   37   37   28   57   28   45   45   36   30   13    9   2016 12
   25   29   33   33   56   24   37   41   21   32   22   10   2016 13
   26   32   41   27   63   27   33   40   16   32   23    9   2016 14
   30   32   43   26   58   21   46   44   11   25   18    7   2016 15
   30   27   38   27   35   23   39   48    9   21   18    0   2016 16
   34   26   36   25   25   28   35   36   11   21   22    6   2016 17
   22   25   27   24   22   28   48   34   26   22   21   13   2016 18
   26   31   26   21   30   33   43   24   36   17    5    9   2016 19
   37   40   22   20   24   25   43    9   35   13    2   11   2016 20
   43   31   17   20   15   18   37    4   30   20    1   19   2016 21
   41   25   14   10   13   15   26   23   30   15    1    7   2016 22
   37   28   14   13   12    1   22   33   41   11    9    1   2016 23
   33   24   23   25   15    1    6   34   36   12   11    0   2016 24
   42   23   21   29   23    0    0   34   18   14   11    0   2016 25
   43   25   19   41   23    0    0   35   20   12   14    2   2016 26
   49   21   20   49   18    0    0   38   17   15   22    9   2016 27
   46   25   16   60   23    0    5   43   17   21   27    3   2016 28
   39   34   12   57   19    0   11   45   12   12   36    1   2016 29
   23        10   63   25    1    9   49    1    4   40    5   2016 30
   22        10        25         4   46        10         6   2016 31
----------------------------------------------------------------------
 33.7 38.4 30.5 26.6 33.7 13.1 21.3 33.0 27.7 22.8 14.0 11.0
----------------------------------------------------------------------
Yearly =   25.5
