                      DAILY AMERICAN SUNSPOT NUMBERS 1992
===============================================================================
 Jan   Feb   Mar   Apr   May   Jun   Jul   Aug   Sep   Oct   Nov   Dec   Yr Day
-------------------------------------------------------------------------------
 143   220   144   102    84    32    77    73    48    89   102    67  1992 01
 131   210   115    90    83    47    69    97    49    95    84    61  1992 02
 161   182    89    77    79    74    66   100    54   104    65    58  1992 03
 179   178    80    62    88    88    68   103    54   120    83    59  1992 04
 170   166    74    60    83    81    74    92    53   129    88    49  1992 05
 176   155    86    55    86    78    85    90    55   130    87    42  1992 06
 193   158   102    58    69    67    90   101    44   110    93    31  1992 07
 199   166   114    53    83    64    92   109    44    95    74    69  1992 08
 164   182   124    52    77    81   107   102    61    90    77    88  1992 09
 151   178   129    54    63    78   124    82    59    81    78   100  1992 10
 137   174   125    60    60    87   140    60    61    61    80   126  1992 11
 120   142   126    60    77   106   142    51    71    45    79   118  1992 12
 131   140   140    68    83    88   117    66    84    43    57   128  1992 13
  99   120   128    77    68    81   132    81    80    47    69   118  1992 14
  75   110   112    76    59    62   140    89    70    47    76   120  1992 15
  80   117    99    93    41    65   151    96    68    54    89   108  1992 16
  64   114    81   109    38    72   128    89    63    65   100   104  1992 17
  83   108    69   118    51    61   106    71    58    79    98   100  1992 18
  92   101    74   136    56    72    71    70    68    90   102   108  1992 19
 115   124    90   174    80    58    68    68    68    82   102   106  1992 20
 139   138    91   176    97    61    64    55    67    97    90    92  1992 21
 124   138    76   168   108    76    66    48    69   111    88    88  1992 22
 111   154    95   155   106    83    56    38    81    93   109    80  1992 23
 115   180   101   147    81    79    43    32    87   101   109    82  1992 24
 121   186   103   138    63    66    33    16    79   121   113    81  1992 25
 124   194   116   119    59    54    49    30    82   134   114    90  1992 26
 154   189   112    93    65    33    57    33    86   130   112    82  1992 27
 176   172   110   102    44    51    45    33    66   134    97    80  1992 28
 210   158   122   102    32    71    54    43    74   126    83    78  1992 29
 231         120    80    32    73    53    33    77   107    74    67  1992 30
 233         110          29          46    44          82          54  1992 31
-------------------------------------------------------------------------------
142.0 157.0 105.1  97.1  68.5  69.6  84.3  67.6  66.0  93.3  89.1  85.0  Mean
-------------------------------------------------------------------------------
Yearly Mean = 93.5

