		      DAILY AMERICAN SUNSPOT NUMBERS 1993
===============================================================================
 Jan   Feb   Mar   Apr   May   Jun   Jul   Aug   Sep   Oct   Nov   Dec   Yr Day
-------------------------------------------------------------------------------
  52    25    80    70    28    99    63    42    32    70    21    70  1993 01
  50    43    81    64    24    98    61    38    31    85    19    60  1993 02
  50    67    84    85    42    97    70    34    23    86    18    62  1993 03
  59    89   102    67    61    83    73    33    25    88    20    71  1993 04
  71   117   114    79    64    76    71    26    20    80    32    62  1993 05
  84   127   101    92    65    84    54    34    14    70    34    68  1993 06
  83   125    98    82    67    66    42    43    11    52    31    66  1993 07
  98   127   102    91    79    56    45    40    16    65    27    62  1993 08
  96   124    95    90    93    49    38    60    15    60    22    48  1993 09
  97   110    82    78   105    47    33    65     2    46    24    40  1993 10
  90    95    79    63   106    36    34    66     0    61    19    31  1993 11
 105    94    76    36    99    18    38    60     0    45    15    21  1993 12
  99    89    66    20    77    14    52    62     7    29    22    19  1993 13
  73    83    54    15    50    10    62    45    10    30    27    21  1993 14
  56    75    58    14    39    10    68    30    14    50    27    14  1993 15
  65    84    58    26    31    11    64    23    25    45    33    22  1993 16
  64    65    57    39    28    16    65    28    22    38    36    25  1993 17
  66    86    65    54    17    11    82    31    25    35    35    32  1993 18
  61    87    73    70    20    15    77    27    17    47    40    19  1993 19
  51    86    70    96    30    21    69    23    15    59    43    30  1993 20
  44    95    86    98    22    28    66    35    14    64    55    37  1993 21
  34   100    70    96    12    31    62    45     7    60    54    45  1993 22
  33    96    61   104    14    50    65    44    21    56    54    56  1993 23
  43    90    48   106    28    50    65    55    26    47    53    73  1993 24
  51    85    44    88    41    57    51    54    45    42    40    90  1993 25
  40    82    54    57    51    61    58    49    50    43    42    68  1993 26
  41    85    58    62    62    69    67    52    47    30    43    72  1993 27
  44    91    54    52    78    76    53    53    52    28    54    75  1993 28
  37          52    43    86    77    46    50    53    25    57    79  1993 29
  35          60    34    90    70    41    41    53    26    71    78  1993 30
  40          67          92          45    36          26          97  1993 31
-------------------------------------------------------------------------------
  61.7  90.1  72.5  65.7  54.9  49.5  57.4  42.7  23.1  51.2  35.6  52.0 Mean
-------------------------------------------------------------------------------
Yearly Mean = 54.5

