                      DAILY AMERICAN SUNSPOT NUMBERS 1991
===============================================================================
 Jan   Feb   Mar   Apr   May   Jun   Jul   Aug   Sep   Oct   Nov   Dec   Yr Day
-------------------------------------------------------------------------------
 140   212   114    91    92   162   192   137   162   150   181   102  1991 01
 111   192    97   102    90   162   200   140   145   159   174    93  1991 02
 105   167    84   113    91   160   230   141   127   160   139   112  1991 03
 101   149    80   138    98   172   226   124   141   147   131   110  1991 04
 105   131    92   157   103   172   207   130   134   158   122   130  1991 05
 129   122    90   171   104   164   200   119   124   131   126   154  1991 06
 118   118   130   163   102   162   206   111   120   118   138   171  1991 07
 105   113   139   129   128   194   188   101   133   114   139   185  1991 08
  90   129   168   148   139   197   163    88   123   139   133   217  1991 09
 104   136   163   169   138   200   153    75   110   144   135   205  1991 10
 119   136   153   181   131   200   140    85   118   143   128   186  1991 11
 123   151   162   199   124   196   136    91   128   130   110   166  1991 12
 142   179   158   190   116   157   138   126   144   137   100   167  1991 13
 122   187   174   214   117   158   128   124   138   128    99   164  1991 14
 129   176   190   218   105   166   114   165   115   128    91   150  1991 15
 140   167   202   180   109   159    98   204    91   133    71   129  1991 16
 124   150   188   172   116   138    87   246    96   110    80   114  1991 17
 132   191   168   177   120   143    85   275    97   108    79   125  1991 18
 108   213   150   164   121   135   115   292    90    88    97   124  1991 19
  95   216   173   142   110   113   124   290    89    88    98   111  1991 20
 112   230   171   115    97   125   157   312   112    86    81   103  1991 21
 101   219   176    78   116   126   162   295   130    92    72   127  1991 22
 127   210   183    60   121   114   192   283   124   111    79   129  1991 23
 143   188   179    38   115   125   208   242   111   144    88   136  1991 24
 154   201   171    52   128   143   200   200   102   168    93   148  1991 25
 195   187   164    71   150   142   196   164   110   183   102   152  1991 26
 225   179   142    82   153   140   182   138   116   213   112   154  1991 27
 231   160   129   116   150   160   186   144   125   236   115   150  1991 28
 247         130   122   141   175   187   152   136   247   103   142  1991 29
 253         142   118   138   188   189   168   131   222    81   152  1991 30
 232         118         138         166   166         215         162  1991 31
-------------------------------------------------------------------------------
140.7 171.8 147.7 135.7 119.4 158.3 166.3 171.9 120.7 146.1 109.9 144.2   Mean
-------------------------------------------------------------------------------
Yearly Mean = 144.3

