                    DAILY AMERICAN SUNSPOT NUMBERS 2010
======================================================================
 Jan  Feb  Mar  Apr  May  Jun  Jul  Aug  Sep  Oct  Nov  Dec     Yr Day
----------------------------------------------------------------------
   12   12   19   19   10   10    8   11   26   20   14   21   2010 01
   14    9   24   20    7   13    8   15   34   20   12   21   2010 02
   14    8   21   19   23   15    8   13   31   18   10   23   2010 03
   10    7   23   20   31   17   11   21   35    9   12   31   2010 04
    6   10   10   25   25   18   17   32   29    4   14   26   2010 05
    0   23    2   23   19    9   15   34   18    0   20   18   2010 06
    2   27    6   19   14    5    9   29    9    0   22   18   2010 07
    7   40    2   14    3   11    7   30    1    0   21   17   2010 08
   12   39    0    8    0   17    6   37    0    3   18   17   2010 09
   17   33    4    5    0   24   13   40    1    9   28   20   2010 10
   25   33   23    5    0   26   19   44    8    9   27   17   2010 11
   22   32   22   10    0   26   19   22   11    9   30   17   2010 12
   22   27   22    6    0   13   13   23   14   15   42   24   2010 13
   20   24   23    1    0    3   11   25   16   25   38   17   2010 14
   19   21   20    0    0    0   13   25   18   28   38   10   2010 15
   16   20   17    0    0    0   11   24   28   32   36    8   2010 16
   12   20   17    0    0    3    9   16   33   37   34    6   2010 17
    7   15   18    0    0    8   11    9   30   35   32    0   2010 18
    0   14   11    0    0   12   10    3   28   39   28    0   2010 19
    6   14   12    0    1   10   18    2   24   32   21    0   2010 20
   13   11   16    3   10   11   21    0   23   26   19    2   2010 21
   20   12   10    3   15   11   23    0   22   26   14    4   2010 22
   25   15   10    0   15   10   25    0   24   30   12    6   2010 23
   28   19   11    0   14    8   28    8   26   41    9    6   2010 24
   24   20   13    3   12    6   26   13   27   43   11   12   2010 25
   16   18   15    0   10    9   18   12   33   39   10   11   2010 26
   12   10   22    1   10    8   12    9   35   22    8   11   2010 27
    9   10   23    3    8    8   25    9   37   19   16   13   2010 28
    8        22    0   14   11   23   18   34   19   17   11   2010 29
    4        21    4   15    8   20   21   30   20   15   13   2010 30
   11        18         5        13   21        21        31   2010 31
----------------------------------------------------------------------
 13.3 19.4 15.4  7.0  8.4 11.0 15.2 18.3 22.8 21.0 20.9 13.9
----------------------------------------------------------------------
Yearly =   15.6
