                      DAILY AMERICAN SUNSPOT NUMBERS 1982
===============================================================================
 Jan   Feb   Mar   Apr   May   Jun   Jul   Aug   Sep   Oct   Nov   Dec   Yr Day
-------------------------------------------------------------------------------
  94   250   166   131    67    66    44    61   113   130    80    88  1982 01
  95   238   180   113    53    84    32    65   131   147    81   118  1982 02
 118   231   182   147    56    94    26    76   155   136    65   123  1982 03
 107   215   180   137    62   106    35    81   168   115    79   129  1982 04
  85   222   178   108    65   110    36   103   158    97    69   133  1982 05
  84   228   169   114    73   107    32   133   145    54    69   163  1982 06
  91   238   157   128    72   116    34   154   119    47    85   163  1982 07
  92   222   136   124    80   127    40   169   115    54    87   177  1982 08
  95   204   118   134    56   140    72   162    91    60    94   158  1982 09
  76   190   126   141    56   147   129   157    82    82    95   165  1982 10
  45   157   120   152    63   147   145   143    83    79    97   172  1982 11
  51   144   148   148    71   145   192   133    79    87    82   184  1982 12
  55   158   162   143    72   144   221   113    84    95   101   161  1982 13
  57   137   151   135    49   147   224   107   104    82   112   159  1982 14
  76   126   149   128    54   142   244   108   128    72   111   153  1982 15
  80   112   157   117    67   132   262    92   129    59   106   130  1982 16
 114   115   183   100    82   134   279   103   125    47   125   105  1982 17
 132   101   170    84    90   140   261   110   107    37   132    96  1982 18
 129   108   174    85   107   139   209    93   104    53   127    71  1982 19
 134   127   160    90   110   150   174    84   102    73   124    57  1982 20
 133   121   153    93   103   149   133    82    95    91   129    78  1982 21
 124    99   152   106   129   143    91    83    95   104   128    83  1982 22
  89   100   136   143   114   131    56    77   101   125   108    93  1982 23
  63   114   124   152   109   115    27    84   106   130    88   102  1982 24
  87   125   136   150    98   104    26   104   115   130    71   123  1982 25
 107   134   138   143   116    88    25   101   130   129    65   117  1982 26
 125   147   170   124   127    46    20   119   128   122    63   114  1982 27
 171   146   176   103   120    34    16   136   138    98    72   113  1982 28
 215         169    95    96    36    25   138   150    98    75    96  1982 29
 242         163    88    70    42    42   141   155    90    76    82  1982 30
 256         136          73          58   114          69          66  1982 31
-------------------------------------------------------------------------------
110.4 161.0 155.5 121.9  82.6 113.5 103.5 110.5 117.8  90.1  93.2 121.7   Mean
-------------------------------------------------------------------------------
Yearly Mean = 114.8

