                      DAILY AMERICAN SUNSPOT NUMBERS 1977
===============================================================================
 Jan   Feb   Mar   Apr   May   Jun   Jul   Aug   Sep   Oct   Nov   Dec   Yr Day
-------------------------------------------------------------------------------
  15    16     0     5    14    40    33    10    17    43    41    18  1977 01
  32    20     9    11    11    47    39    11    25    39    33    21  1977 02
  28    21    10    10    21    47    41    17    30    47    24    29  1977 03
  26    17     9     4    21    40    41    16    26    49    22    46  1977 04
  21    13     9     6    19    40    43    23    25    51    25    56  1977 05
   7     3     9     4    13    40    35    28    21    62    25    55  1977 06
   0     4     9     3    11    42    26    27    24    63    28    57  1977 07
   0    14    20     0    13    35    23    26    19    49    28    45  1977 08
   0    23    21     0    19    27    17    25    26    52    26    58  1977 09
   0    27    20     0    28    27    13    26    36    38    23    83  1977 10
  12    33    19     5    35    25    10    16    48    28    26    73  1977 11
  21    53    14    11    41    22    10    21    54    39    27    65  1977 12
  21    60     9    18    28    19    14    32    54    54    25    50  1977 13
  20    57     3    20    27    21     2    39    50    51    31    39  1977 14
  20    51     0    21    19    10     0    39    54    57    37    38  1977 15
  22    54     0    22    23     9     0    39    52    56    51    33  1977 16
  22    46     1    29    16    10     0    36    56    53    54    22  1977 17
  18    38     0    23     6    18     0    40    61    49    62    34  1977 18
   3    24     0    15     0    36     1    32    60    60    52    40  1977 19
   0    12     0    12     9    25     3    29    60    61    39    18  1977 20
   9    10     0    15    11    36     9    30    54    46    33    22  1977 21
  29    10    11    14     2    34    18    29    39    35    20    21  1977 22
  34    10    10    14     3    44    26    12    35    31    25    20  1977 23
  33     9     5    10     1    54    27    13    34    27    21    31  1977 24
  20     9     6     0     2    54    32    26    43    29    12    32  1977 25
  16     9     9    10     5    58    32    34    49    31    10    43  1977 26
   6     0     7     9     5    54    26    35    49    34    12    49  1977 27
  14     0    14    10     9    45    19    35    50    32     9    41  1977 28
  11          16    10    17    40    17    45    56    47    12    62  1977 29
   9           4     9    29    34     7    37    51    47    18    58  1977 30
  10           4          37           2    28          49          69  1977 31
-------------------------------------------------------------------------------
 15.5  23.0   8.0  10.7  16.0  34.4  18.3  27.6  41.9  45.5  28.4  42.8   Mean
-------------------------------------------------------------------------------
Yearly Mean = 26.0

