                      DAILY AMERICAN SUNSPOT NUMBERS 1949
===============================================================================
 Jan   Feb   Mar   Apr   May   Jun   Jul   Aug   Sep   Oct   Nov   Dec   Yr Day
-------------------------------------------------------------------------------
 128   198   190   175   156   177   200   174   234   112   137   187  1949 01
 144   232   187   201   160   178   172   172   225   151   136   166  1949 02
 112   229   202   210   164   165   142   163   224   213   153   143  1949 03
 111   244   199   240   181   175    98   132   229   228   166   137  1949 04
 103   287   219   217   207   160    82   125   223   265   179   129  1949 05
 105   279   203   211   200   145   114    78   222   260   193   140  1949 06
 124   275   192   201   161   112   108    55   212   256   205   163  1949 07
 135   274   216   199   164   115    88    52   212   289   215   174  1949 08
 145   255   230   170   141    98    72    56   196   267   235   174  1949 09
 155   243   200   164   127    89    68    37   220   226   192   164  1949 10
 147   245   202   163   108   104    87    22   235   265   201   175  1949 11
 130   238   199   184   109   120   129    66   213   237   202   195  1949 12
 166   243   214   174    85   143   127   128   200   204   194   189  1949 13
 165   281   242   190    85    97   131   163   183   186   173   148  1949 14
 158   297   224   181    90   102   148   188   179   207   180   129  1949 15
 183   259   226   169   112   123   140   195   166   179   190   129  1949 16
 212   253   248   189   153    97   127   228   216   124   204   125  1949 17
 217   256   228   188   136   115   159   235   226    93   216   157  1949 18
 221   264   239   181   142   114   183   220   223    69   214   134  1949 19
 221   223   251   199   138   117   196   224   221    87   191   118  1949 20
 187   187   257   221   152   128   181   236   187   121   184   119  1949 21
 182   171   213   226   151   137   172   242   199   170   161   167  1949 22
 179   151   189   206   166   166   194   230   175   147   173   162  1949 23
 182   148   174   202   189   175   224   217   167   130   226   161  1949 24
 169   151   151   215   152   169   207   206    63   121   211   170  1949 25
 139   150   150   186   146   238   205   200   138    96   148   171  1949 26
 117   157   132   198   146   255   201   197   101   122   208   150  1949 27
 109   194   124   169   149   298   202   210    92   121   209   163  1949 28
  95         133   156   167   264   198   210    66   121   225   138  1949 29
 127         150   136   168   260   214   197    65   140   206   116  1949 30
 185         179         165         193   218         132         122  1949 31
-------------------------------------------------------------------------------
153.3 228.0 198.8 190.7 147.4 154.5 153.6 163.7 183.7 172.2 190.9 152.1   Mean
-------------------------------------------------------------------------------
Yearly Mean = 174.1

