                      DAILY AMERICAN SUNSPOT NUMBERS 1998
===============================================================================
 Jan   Feb   Mar   Apr   May   Jun   Jul   Aug   Sep   Oct   Nov   Dec   Yr Day
-------------------------------------------------------------------------------
  41    17    63    53    77   140   101    61    98    24    34   100  1998 01
  31    14    57    55    87   141   101    68    83    20    30    99  1998 02
  23    24    38    48    75   137   110    68    73    18    50    92  1998 03
  18    24    35    47    67   150   102    66    75    19    74    93  1998 04
   9    22    34    57    75   137    89    75    86    32    89    75  1998 05
   4    25    32    61    93   146    70    90   116    46    83    88  1998 06
   1    22    40    91   130   122    48    92   122    75    89   114  1998 07
   0    19    36    97   151   140    35    90   121    72    79   128  1998 08
   0    31    39   103   149   136    36   117   122    78    68   120  1998 09
   5    33    53   102   119   148    52   119   114    52    67   117  1998 10
  24    34    65    93   116   172    55   114    94    43    60   105  1998 11
  40    39    66    75   117   176    56   113   100    38    65   112  1998 12
  36    48    70    61    97   170    43    83    95    56    80   101  1998 13
  34    57    80    60    88   154    41    80    82    64    93    90  1998 14
  38    53    73    63   108   139    60    75    59    76    89    73  1998 15
  50    56    67    56   106   116    63    91    60    81    53    61  1998 16
  53    47    60    34    98    91    54    80    67    85    49    64  1998 17
  37    44    66    26    91    91    41    82    74    92    36    61  1998 18
  26    28    70    30    99    77    41    92    93    75    34    53  1998 19
  14    18    72    31   100    71    67    88   118    65    45    53  1998 20
  13    17    77    31   104    93    75    86   122    51    39    47  1998 21
  17    25    78    24    97   118    82    85   127    41    37    38  1998 22
  35    38    61    17    93   152    81    89   125    37    51    44  1998 23
  67    54    60    10    87   184    80    75   115    44    61    60  1998 24
  75    49    64    14    87   181    66    75    99    29    86    72  1998 25
  71    40    59    13   100   201    59    83    87    21   112    93  1998 26
  61    40    55    13   108   187    73    88    73    16   112   107  1998 27
  53    52    60    27   102   181    79    97    78    28   105   122  1998 28
  48          55    30   106   154    73   101    59    47   103    99  1998 29
  26          53    39    97   159    58   122    33    48    92   102  1998 30
  17          60         124          64    99          43          97  1998 31
-------------------------------------------------------------------------------
 31.2  34.6  58.0  48.8              66.3  88.6  92.3  48.9  68.8  86.4 Mean
-------------------------------------------------------------------------------
Yearly Mean =

