                      DAILY AMERICAN SUNSPOT NUMBERS 1999
===============================================================================
 Jan   Feb   Mar   Apr   May   Jun   Jul   Aug   Sep   Oct   Nov   Dec   Yr Day
-------------------------------------------------------------------------------
  64    32    74    43    77   140   148   164    98    54   133    98  1999 01
  61    23    99    42    87   141   158   175    85    62   100    79  1999 02
  58    21   101    59    75   137   148   151    87    71    83    69  1999 03
  67    19   101    71    67   150   155   136    71    84    99    61  1999 04
  59    14    92    84    75   137   137   126    75   127   108    61  1999 05
  47    20    65    88    93   146   131   103    62   138   125    69  1999 06
  54    28    44    84   130   122   127   103    87   140   156    63  1999 07
  55    49    49    86   151   140   115    98    89   122   168    85  1999 08
  48    45    66   106   149   136   128    74    65   129   192   100  1999 09
  45    66    64    89   119   148   117    55    71   128   218   114  1999 10
  26    80    67    85   116   172   134    62    81   135   213    98  1999 11
  31   114    73    83   117   176   137    65   102   145   186   101  1999 12
  48   130    84    74    97   170   105    68   114   146   179    93  1999 13
  68   144    86    74    88   154    94    63   127   132   161    92  1999 14
  79   133    79    70   108   139    89    54   130   117   165    91  1999 15
  86   137    97    69   106   116    85    47   121   135   175    95  1999 16
 101   127    99    72    98    91    89    31   113   124   177   106  1999 17
  98   100    91    50    91    91    95    38   105   116   183   104  1999 18
 118    87    91    55    99    77    70    45    92   104   179   102  1999 19
 118    82    76    53   100    71    86    55    67   114   169   101  1999 20
 108    78    80    47   104    93    90    63    51   104   171   103  1999 21
  94    48    37    47    97   118    96    73    60   100   135    99  1999 22
  79    38    32    45    93   152   107    85    57    94   113    92  1999 23
  57    38    37    37    87   184   118   106    45   103   102    94  1999 24
  26    45    34    42    87   181   121   138    32   133   100    89  1999 25
  22    45    29    51   100   201   114   149    33   149   100    86  1999 26
  31    58    25    60   108   187   133   126    39   146   113    73  1999 27
  27    73    37    61   102   181   156   171    49   141   108    72  1999 28
  21          53    63   106   154   180   161    60   156    81    73  1999 29
  26          52    68    97   159   180   131    57   173    97    62  1999 30
  27          51         124         166   118         153          58  1999 31
-------------------------------------------------------------------------------
 59.6  67.0  66.6  65.2 101.6 142.1 122.9  98.0  77.5 121.8 143.0  86.5 Mean
-------------------------------------------------------------------------------
Yearly Mean = 96.1


