                      DAILY AMERICAN SUNSPOT NUMBERS 1971
===============================================================================
 Jan   Feb   Mar   Apr   May   Jun   Jul   Aug   Sep   Oct   Nov   Dec   Yr Day
-------------------------------------------------------------------------------
  68    88    88    55    42    50   111    68    16    61    74    94  1971 01
  68    89   100    59    47    54   102    57    19    63    70    60  1971 02
  63    85    87    62    48    51    99    49    32    50    69    42  1971 03
  63    80    69    55    61    35    98    39    33    40    64    33  1971 04
  68    72    65    56    66    31    89    31    44    49    74    59  1971 05
  69    75    49    56    60    28    79    27    70    45    59    83  1971 06
  67    67    40    55    62    29    81    42    87    30    50    81  1971 07
  80    51    42    55    63    38    72    63    61    45    58    87  1971 08
  94    41    37    41    65    29    57    66    37    36    53   118  1971 09
  69    42    44    58    73    22    49    64    19    34    37   100  1971 10
  66    51    60    50    83    26    55    64    16    35    44    92  1971 11
  86    48    73    85    79    32    68    67    25    34    43    90  1971 12
  78    60    84   117    82    23    63    62    42    35    32    85  1971 13
  77    62    69   136    77    29    68    49    74    25    19    84  1971 14
  68    57    72   135    65    20    86    47    75    16    17    90  1971 15
  57    64    78   127    58    23   101    52    71    23    17   100  1971 16
  67    76    65   115    53    33    91    59    86    37    38   112  1971 17
 102    84    69   112    43    32    86    69    93    44    45   120  1971 18
 107   104    69   115    44    22   103    74    67    56    48   105  1971 19
 126   101    60   111    43    27    96    89    61    73    44   100  1971 20
 137   109    54    90    40    34   104    97    66    70    64    90  1971 21
 124    99    51    74    36    36    96   105    60    66    79    89  1971 22
 120   110    48    49    10    40    87    96    43    72    88    99  1971 23
 129   103    37    42    15    42   109    98    30    74    94   118  1971 24
 112    97    53    56    24    62    91    99    34    83    96    84  1971 25
 106    87    52    64    36    79    80    71    24    86   111    52  1971 26
 121    87    55    62    53    96    71    60    42    85   121    72  1971 27
 112    90    55    60    66   100    72    46    54    73   127    62  1971 28
 114          53    48    67   110    71    29    62    63   117    60  1971 29
  94          57    46    73   114    74    14    67    55    95    54  1971 30
 102          59          58          65    12          62          59  1971 31
-------------------------------------------------------------------------------
 90.8  77.8  61.1  74.9  54.6  44.9  83.0  60.2  50.3  52.3  64.9  83.0   Mean
-------------------------------------------------------------------------------
Yearly Mean = 66.5

