                    DAILY AMERICAN SUNSPOT NUMBERS 2009
======================================================================
 Jan  Feb  Mar  Apr  May  Jun  Jul  Aug  Sep  Oct  Nov  Dec     Yr Day
----------------------------------------------------------------------
    0    0    0    0    0   15    1    0    4    2    0    0   2009 01
    0    0    0    0    0   15    0    0    0    0    0    0   2009 02
    0    0    0    0    0   14    1    0    0    1    0    0   2009 03
    0    0    0    0    1   11   18    0    0    1    0    0   2009 04
    0    0    0    0    0    3   20    0    0    0    7    0   2009 05
    0    0    5    1    0    0   17    0    0    0    8    0   2009 06
    1    0    2    0    0    0   16    0    0    0    1    0   2009 07
    0    0    0    0    0    2   15    0    0    0    0    0   2009 08
    6    0    0    0    0    1   12    0    0    0    8    1   2009 09
   11    1    0    0    0    0    9    0    0    1    8    7   2009 10
   11    3    0    0    0    0    0    0    0    1    4    9   2009 11
    7    5    0    0    1    0    0    0    0    0    1   10   2009 12
    1    1    0    0    4    0    0    0    0    0    2    8   2009 13
    0    0    1    0    7    0    0    0    0    0    4   19   2009 14
    0    0    0    0    7    0    0    0    0    0    5   20   2009 15
    0    0    0    0    6    0    0    0    0    0    4   22   2009 16
    0    0    0    0    5    2    0    0    0    1    1   18   2009 17
    0    0    0    0    5    0    0    0    0    0    9   17   2009 18
    2    0    0    0    1    0    0    0    0    0   14   25   2009 19
    0    0    0    0    0    0    0    0    0    1   10   27   2009 20
    0    0    0    2    0    2    0    0    6    0    8   27   2009 21
    0    0    0    1    2   10    0    0   17    0    3   20   2009 22
    0    0    0    0    5    9    2    0   21    7    1   15   2009 23
    0    5    0    0    0    9    0    0   21   16    0    6   2009 24
    0    3    0    0    0    2    0    0   17   21    0    1   2009 25
    0    1    2    0    0    0    0    0   12   22    0    6   2009 26
    0    0    0    0    0    0    0    0    7   19    0   11   2009 27
    0    0    0    1    0    0    0    0   13   21    0   12   2009 28
    1         0    3    0    0    0    0    9   15    0   13   2009 29
    0         0    3    0    0    2    0    7   10    0   13   2009 30
    0         0         7         0    1         1        14   2009 31
----------------------------------------------------------------------
  1.3  0.7  0.3  0.4  1.6  3.2  3.6  0.0  4.5  4.5  3.3 10.4
----------------------------------------------------------------------
Yearly =    2.8
