                    DAILY AMERICAN SUNSPOT NUMBERS 2014
======================================================================
 Jan  Feb  Mar  Apr  May  Jun  Jul  Aug  Sep  Oct  Nov  Dec     Yr Day
----------------------------------------------------------------------
   76   65  105   69   62   42   96  105   69   91   60   90   2014 01
   94   79  105   83   75   43  109  107   71   77   62   80   2014 02
  101   85  104   95   82   47  126  100   70   77   69   79   2014 03
   84   95   93   98   85   46  125   94   81   67   70   60   2014 04
   90  104   89   88   91   57  132   83   82   59   77   44   2014 05
   98  108   84   87   92   83  141   82   93   47   61   34   2014 06
   80  103   87   77   83   90  134   77  101   45   59   38   2014 07
   79  103   75   80   80   97  129   58  103   44   56   44   2014 08
   82   99   66   52   85  109  124   46  112   36   47   50   2014 09
   92   93   72   43   79  104  117   43  103   25   46   63   2014 10
   93  104   75   47   99  115  105   49   94   17   58   77   2014 11
   87  101   81   47  101  130   88   51   87   21   65   84   2014 12
   75   91   66   56   91  115   61   52   77   27   70   95   2014 13
   66   80   70   82  104   86   39   57   63   53   71  110   2014 14
   59   72   77  102   98   51   15   68   65   46   66  114   2014 15
   56   64   67  124   90   59    3   77   65   30   62  119   2014 16
   52   77   67  128   94   66    1   79   67   40   55  118   2014 17
   76   83   86  124   70   71   14   72   52   44   49  102   2014 18
   79   80   90  124   57   60   24   68   49   61   46  108   2014 19
   96   88   93  124   58   56   23   72   48   73   50  100   2014 20
  102   84   85  102   60   62   13   84   61   75   45   93   2014 21
  107   92   96   76   42   54   29   89   71   90   52   78   2014 22
   91   99   94   55   61   34   43   95   73   93   59   73   2014 23
   73   98   83   49   70   29   49   95   72   98   68   63   2014 24
   67  107   81   37   74   34   38   73   90   99   79   62   2014 25
   52  125   73   31   60   39   45   61  109   86   79   53   2014 26
   46  134   66   52   48   40   64   58  114   72   94   62   2014 27
   55  117   72   56   44   44   80   52  129   66   95   63   2014 28
   66        67   57   31   65   94   46  115   66  100   62   2014 29
   65        64   61   37   89   87   54  111   68  100   60   2014 30
   61        75        38        99   60        53        68   2014 31
----------------------------------------------------------------------
 77.4 93.9 80.9 76.9 72.3 67.2 72.5 71.2 83.2 59.5 65.7 75.7
----------------------------------------------------------------------
Yearly =   74.7
