                      DAILY AMERICAN SUNSPOT NUMBERS 1952
===============================================================================
 Jan   Feb   Mar   Apr   May   Jun   Jul   Aug   Sep   Oct   Nov   Dec   Yr Day
-------------------------------------------------------------------------------
  61    13     0    25    28    19    47    36    75    17    19    11  1952 01
  60    12     0    19    19    18    46    32    62    20    10    17  1952 02
  43     0     0    25    13     7    37    38    44    22     0    14  1952 03
  26    14     0    28    30     2    31    46    30    33     0    15  1952 04
  30    41     8    33    30     1    21    46    39    34    11    29  1952 05
  14    38    11    27    38     5    20    43    41    41    16    36  1952 06
  14    31    14    35    27    23    18    52    26    25    34    39  1952 07
  25    25    13    29    14    10    31    57     1    23    40    51  1952 08
  47    28    14    31     9    11    44    59    10    17    33    29  1952 09
  49    17    31    30     0    13    56    54     8    16    26    25  1952 10
  54     0    30    35     4    15    59    46     0    15    26    33  1952 11
  57    15    34    21     2    18    60    58     1    17    20    53  1952 12
  55    22    30    19     9    19    69    53     0    16    24    53  1952 13
  74    33    25    10     7    27    89    49     0    15    26    65  1952 14
  74    40    26     2    12    46   139    45     1    13    20    66  1952 15
  67    39    20     5    13    41    74    42     8     9    19    69  1952 16
  50    45    16    11    15    52    47    46    15     0    25    68  1952 17
  53    47    14    20    24    60    33    41    19     0    33    68  1952 18
  42    39    11    36    25    62    28    32    27    14    38    59  1952 19
  39    37     0    44    28    62    32    26    25    18    44    45  1952 20
  39    29     0    55    31    60    19    31    32    21    35    40  1952 21
  12    25     0    50    33    67    10    40    33    25    33    28  1952 22
  26    28     0    31    32    67    11    58    42    29    28    25  1952 23
  28    15    10    26    26    52    10    59    47    28    35    26  1952 24
  21     0    31    23    16    44    19    66    41    34    24    13  1952 25
  26     0    35    23    17    47    13    72    42    26    20    19  1952 26
  24     0    56    21    54    52    23    93    33    38    15     7  1952 27
  25     0    85    25    50    52    25    81    31    36     4     0  1952 28
  18     0    80    40    40    60    27    75    29    33     5     3  1952 29
  26          85    40    27    66    33    85    20    30    12    12  1952 30
  18          44          16          52    89          20          22  1952 31
-------------------------------------------------------------------------------
 38.6  21.8  23.3  27.3  22.2  36.0  39.4  53.2  26.1  22.5  22.5  33.5   Mean
-------------------------------------------------------------------------------
Yearly Mean = 30.5

