                      DAILY AMERICAN SUNSPOT NUMBERS 1978
===============================================================================
 Jan   Feb   Mar   Apr   May   Jun   Jul   Aug   Sep   Oct   Nov   Dec   Yr Day
-------------------------------------------------------------------------------
  77   111   104    55    85   126    49    36   110    73   107   100  1978 01
  77   114    93    59    80   111    39    35   152    90   108   101  1978 02
 103   124    87    63    90    76    51    35   149    86   134   132  1978 03
 105   122    83    72    84    55    40    61   143    69   129   125  1978 04
  89   126    86    83    79    49    48    52   166    59   128   100  1978 05
  72   128    75    81    81    29    58    54   157    73   117   127  1978 06
  42   112    78   104    71    37    76    52   136    83   105   137  1978 07
  32    84    92   112    64    33    91    44   124    98   108   149  1978 08
  21    93    91   119    70    21    96    45   108   108   103   152  1978 09
  10   108    84   120    56    21    88    49    90   131   116   144  1978 10
  16   129    85   123    58    46   109    41    66   148   109   159  1978 11
  20   119    80   116    66    39    90    59    65   145    82   174  1978 12
  30   100    71    85    77    59    94    83    81   156    91   174  1978 13
  33    82    71    92    79    54    94    76    95   177    69   130  1978 14
  30    68    74    76    76    83    85    62   115   163    57   130  1978 15
  18    56    72    89    87    73    87    44   129   151    74   149  1978 16
  25    53    73   100    88   104    79    43   135   148    79   155  1978 17
  12    54    75   103    90   106    68    39   139   134    87   115  1978 18
   8    53    66   110    77   101    61    34   142   144    80    84  1978 19
   5    61    58   121    70   117    63    29   166   125    67    78  1978 20
  25    64    76   118    73   149    56    14   159   129    57    72  1978 21
  31    81    86   123    67   157    36    23   146   128    63    72  1978 22
  44    88    90   116    76   153    30    31   152   110    46    68  1978 23
  46    91    88   121    72   138    28    48   156    93    48    61  1978 24
  39    93    76   128    79   114    22    42   166    98    62    86  1978 25
  53    77    54   111    87   133     0    42   154    99    89    88  1978 26
  68    75    52   100    89   130    27    48   133   112   126    92  1978 27
  79    78    31    82    87   128    31    46   123   115   121    87  1978 28
  90          47    69    95   110    36    60   100   121   115   139  1978 29
 100          42    73   102    87    36    69    86   127   108   180  1978 30
 114          51         112          33    87         102         190  1978 31
-------------------------------------------------------------------------------
 48.8  90.9  73.9  97.5  79.6  88.0  58.1  48.1 128.1 116.0  92.8 121.0   Mean
-------------------------------------------------------------------------------
Yearly Mean = 86.9

