                      DAILY AMERICAN SUNSPOT NUMBERS 1974
===============================================================================
 Jan   Feb   Mar   Apr   May   Jun   Jul   Aug   Sep   Oct   Nov   Dec   Yr Day
-------------------------------------------------------------------------------
   3     3    16    16    49    28    77    28    10    58    21     0  1974 01
  16     7     9    18    69    38    84    20    10    48    20     0  1974 02
  14     8     9    18    85    49    87    11    15    43    36     1  1974 03
  12     1    10    21   103    49    88    10    32    58    33     2  1974 04
   5     0    13    18    93    55    94    19    37    84    30    12  1974 05
   0     0    20    22    92    62    83    25    40    87    17     3  1974 06
   7     8    16    23    98    55    71    30    44    85    17     1  1974 07
  23    17    12    43    82    63    50    33    30   108     6     0  1974 08
  31    22    19    45    81    59    33    40    58   111     4     0  1974 09
  41    23    31    64    70    57    16    44    77   113    16     8  1974 10
  48    18    37    73    55    45    14    55    80   116    24    16  1974 11
  53    22    36    68    37    37    21    69    88    92    22    22  1974 12
  47    41    23    76    23    37    23    67    87    83    15    38  1974 13
  70    27    28    72    22    31    36    65    65    66    10    35  1974 14
  75    44    27    91    17    30    43    58    60    50    10    33  1974 15
  67    41    23    74    11    24    53    58    68    43    18    35  1974 16
  61    57    17    62     9    25    44    51    75    33    18    36  1974 17
  64    53    19    57     0    22    48    46    70     6    20    33  1974 18
  55    47    19    41     0    18    44    40    55    10    35    35  1974 19
  53    40    10    39     0    15    44    29    29    12    34    41  1974 20
  30    37    14    31     0    14    50    31    12    13    40    45  1974 21
  35    34    25     8     5    11    47    35     0     9    36    33  1974 22
  26    32    24    13     5     6    45    34     0     9    41    25  1974 23
   8    34    17    15     2     6    54    31     4     7    35    21  1974 24
   0    12    11    18     5     5    54    24     6     9    20     9  1974 25
   1    15     8    18    22     8    55    10    10    20    18     8  1974 26
   0    36     8    17    19    12    45     9    15    37    21     7  1974 27
   1    28    15     7    29    26    42     9    18    26     9    20  1974 28
   1          21    12    14    39    36    10    38    21     7    19  1974 29
   2          26    18    10    51    37     8    55    26     6    22  1974 30
   1          30          31          33    14          18          15  1974 31
-------------------------------------------------------------------------------
 27.4  25.2  19.1  36.6  36.7  32.6  50.0  32.7  39.6  48.4  21.3  18.5   Mean
-------------------------------------------------------------------------------
Yearly Mean = 32.3

