                      DAILY AMERICAN SUNSPOT NUMBERS 1969
===============================================================================
 Jan   Feb   Mar   Apr   May   Jun   Jul   Aug   Sep   Oct   Nov   Dec   Yr Day
-------------------------------------------------------------------------------
  74    88   131   125    75    42   115   172    97   107    62    92  1969 01
  77    98   117   137    78    61   130   191    87   117    59   118  1969 02
  65    87   114   126    60    79   162   168    63   113    81   109  1969 03
 104    91   115   121    82    93   149   174    75   106    87   115  1969 04
 119   104   112    94    96   145   138   158    74   118   112    94  1969 05
 121   110   101    85    75   173   129   151    72   125   101    72  1969 06
 143   128    92    76    89   193   119   114    69   121    97    55  1969 07
 131   104    88    81    94   180   129   111    63   125    85    44  1969 08
 143    96   112    86    80   184   126   123    45    96    78    41  1969 09
 154    89   106    84    87   178   139    98    51    91    85    34  1969 10
 142    72    84   100   122   178   110    79    75    70    94    35  1969 11
 123    39    84   109   156   176   104    57    88    63    68    57  1969 12
 125    50    91   139   170   160    91    46    99    62    64    79  1969 13
 133    47   108   145   167   147    74    60   113    71    68   107  1969 14
 118    59   122   145   133   131    73    51   132    48    67   116  1969 15
 117    75   167   149   123   129    74    43   128    43    61   105  1969 16
 105    96   201   139   133   128    69    38   126    23    75    95  1969 17
  92    96   224   129   125   105    67    33   113    40   101   118  1969 18
  83   124   203   133   116    79    55    31    71    39   111   130  1969 19
  83   148   198   134   127    88    58    36    54    72   121   125  1969 20
  92   171   214   117   162    70    62    37    82    84   131   155  1969 21
 115   171   200    85   165    44    58    45    67   113   121   142  1969 22
  82   191   154    73   195    39    57    55    79   123   130   129  1969 23
  80   175   137    73   192    42    43    68   106   138   124   133  1969 24
  92   179   130    53   193    55    42    72   119   153   126   160  1969 25
  90   166   120    77   187    35    45    94   112   161   121   118  1969 26
  75   158   126    66   150    31    47   126   111   130   119   140  1969 27
  73   161   125    67   132    50    63   139   101   123    92   136  1969 28
  81         119    60    96    53    95   144    96   129    97   154  1969 29
  82         128    64    52    96   110   135   100   101   102   152  1969 30
  95         131          37         133   136          83         147  1969 31
-------------------------------------------------------------------------------
103.5 113.3 134.0 102.4 120.9 105.5  92.5  96.3  88.9  96.4  94.7 106.7   Mean
-------------------------------------------------------------------------------
Yearly Mean = 104.6

