                      DAILY AMERICAN SUNSPOT NUMBERS 1955
===============================================================================
 Jan   Feb   Mar   Apr   May   Jun   Jul   Aug   Sep   Oct   Nov   Dec   Yr Day
-------------------------------------------------------------------------------
  21    25    29    12    28    15    35    23    85    32   103    80  1955 01
  16    33    22     2    25    16    42    10    86    54    88    83  1955 02
  16    40    19     6    32     9    42     5    96    69    66    71  1955 03
  29    35    14     7    47    16    46     3    92    68    58    79  1955 04
  37    28    10    21    35    19    45    25    83    61    53    75  1955 05
  53    31    10    32    31    20    51    43    75    53    51    85  1955 06
  57    36     3    29    23    20    55    48    69    82    64    80  1955 07
  47    27     3    26     8    18    42    58    78    64    85    67  1955 08
  38    26     2    15     0    18    32    78    67    69   105    79  1955 09
  28    30     0     9     1    23    35    78    53    61   125    63  1955 10
  32    29     0     3     0    40    18    76    38    64   122    57  1955 11
  31    28     0     0     0    32    21    70    36    43   121    60  1955 12
  28    15     0     1     1    33    27    53    30    36    98    69  1955 13
  17    13     0     0     0    36    28    45    27    10   108    57  1955 14
  16    11     0    13     7    34    20    32    38     6   108    75  1955 15
  17    11     0    13     6    51    10    30    30     0    81    54  1955 16
  14     1     0     5    17    48     7    12    35     0    74    70  1955 17
  11     0     0     0    24    49     1    15    29     0    71    63  1955 18
  10     0     0     0    29    51    25    14    28    15    84    94  1955 19
   4     0     0     3    40    53    27    16     9    26    67    91  1955 20
   8    12     2     2    48    34    14    19     3    30    54    78  1955 21
   9    19     0     1    48    21    11    20     1    47    40    62  1955 22
  22    27     0     1    42     9     0    11     4    57    68    44  1955 23
  22    27     0     1    44     0     0     4    23    81    68    47  1955 24
  15    29     0     0    44     0     1    16    15    95    67    45  1955 25
  25    31     0     2    46     0     2    26    12   102    78    54  1955 26
  26    33     2    14    33     0    10    54    20    92    80    64  1955 27
  16    36     0    21    36     6    12    55    12    97    90    62  1955 28
  13           6    25    34    12    17    59    15   120    88    73  1955 29
  21          13    26    24    18    22    61    31   109    95    63  1955 30
  22          12          20          21    75         107          48  1955 31
-------------------------------------------------------------------------------
 23.3  22.6   4.7   9.7  24.7  23.4  23.2  36.6  40.7  56.5  82.0  67.5   Mean
-------------------------------------------------------------------------------
Yearly Mean = 34.6

